time	V(probe_1)	V(probe_2)	V(probe_3)
0.000000000000000e+00	0.000000e+00	0.000000e+00	0.000000e+00
5.000000000000000e-08	0.000000e+00	0.000000e+00	0.000000e+00
5.000023320005404e-08	9.984722e-13	7.168394e-17	8.064743e-18
5.000069960016212e-08	1.759554e-11	2.994655e-15	1.923284e-16
5.000163240037827e-08	4.024611e-10	2.386156e-13	-1.550918e-15
5.000349800081057e-08	5.094007e-09	6.312381e-12	-2.586732e-13
5.000591512833642e-08	2.989706e-08	6.264737e-11	-3.893722e-12
5.000852506125249e-08	1.109060e-07	3.547543e-10	-2.742094e-11
5.001112091837798e-08	3.466015e-07	2.040150e-09	-2.005628e-10
5.001514123251026e-08	1.210723e-06	1.235984e-08	-1.392854e-09
5.001902997034562e-08	2.903751e-06	4.395730e-08	-5.335299e-09
5.002262200806088e-08	5.850024e-06	1.338922e-07	-1.733727e-08
5.002728422071294e-08	1.243914e-05	4.673209e-07	-6.416576e-08
5.003268975625797e-08	2.441578e-05	1.432109e-06	-2.042426e-07
5.003775492833753e-08	4.074294e-05	3.506729e-06	-5.122843e-07
5.004308802372364e-08	6.396413e-05	8.221276e-06	-1.222093e-06
5.004927519724689e-08	9.782243e-05	1.954857e-05	-2.936773e-06
5.005651026658156e-08	1.442299e-04	4.492326e-05	-6.768715e-06
5.006342138477331e-08	1.928478e-04	8.831413e-05	-1.325901e-05
5.007052563803304e-08	2.446141e-04	1.614221e-04	-2.403272e-05
5.007714913098515e-08	2.926769e-04	2.645597e-04	-3.893188e-05
5.008369528343649e-08	3.394055e-04	4.092292e-04	-5.932582e-05
5.009026200577957e-08	3.861788e-04	6.095758e-04	-8.661886e-05
5.009935761359113e-08	4.531369e-04	9.856160e-04	-1.354946e-04
5.011056692395763e-08	5.412610e-04	1.600275e-03	-2.103141e-04
5.012491847123584e-08	6.599152e-04	2.591823e-03	-3.219568e-04
5.013928592044347e-08	7.724837e-04	3.749832e-03	-4.417415e-04
5.015867273735445e-08	8.901147e-04	5.402737e-03	-6.032854e-04
5.018170894155053e-08	9.641264e-04	7.273741e-03	-7.929617e-04
5.021040441084438e-08	9.738654e-04	9.426221e-03	-1.035729e-03
5.024221097831249e-08	9.249327e-04	1.188471e-02	-1.296464e-03
5.027235213890537e-08	8.520572e-04	1.476414e-02	-1.456047e-03
5.030919083732659e-08	7.502695e-04	1.938607e-02	-1.437829e-03
5.034861403542204e-08	6.553421e-04	2.558859e-02	-1.197325e-03
5.038397687923370e-08	6.387669e-04	3.218733e-02	-8.898393e-04
5.042229399728858e-08	7.263531e-04	4.014004e-02	-5.560170e-04
5.044968112568213e-08	8.320027e-04	4.609705e-02	-3.275166e-04
5.046991563801566e-08	9.017597e-04	5.056046e-02	-1.631518e-04
5.050000000000000e-08	9.750838e-04	5.721752e-02	7.096938e-05
5.050300843619844e-08	9.796373e-04	5.789750e-02	9.013713e-05
5.050902530859531e-08	9.884431e-04	5.927325e-02	1.261940e-04
5.052105905338904e-08	9.985894e-04	6.210954e-02	1.915028e-04
5.054512654297652e-08	9.779583e-04	6.801607e-02	3.240567e-04
5.057298282525959e-08	8.862012e-04	7.497949e-02	5.288485e-04
5.060424441019116e-08	7.263428e-04	8.246693e-02	8.622045e-04
5.063799991754707e-08	5.435651e-04	8.978410e-02	1.305162e-03
5.066400717937133e-08	4.412302e-04	9.493281e-02	1.638112e-03
5.069524266959101e-08	4.191431e-04	1.010329e-01	1.978467e-03
5.072889742565051e-08	5.030378e-04	1.078086e-01	2.301144e-03
5.076634195328727e-08	6.336544e-04	1.151458e-01	2.598491e-03
5.080648138399121e-08	7.527590e-04	1.219558e-01	2.706026e-03
5.086329078467438e-08	8.865940e-04	1.296063e-01	2.461343e-03
5.091124092751260e-08	9.099793e-04	1.345166e-01	2.078147e-03
5.095794555962794e-08	7.949585e-04	1.381674e-01	1.705895e-03
5.098744208664687e-08	6.817932e-04	1.401256e-01	1.491402e-03
5.102315041201279e-08	5.759243e-04	1.423681e-01	1.233191e-03
5.104683939604200e-08	5.366788e-04	1.437329e-01	1.086139e-03
5.108095914080265e-08	4.808467e-04	1.452550e-01	9.288804e-04
5.111186042215416e-08	4.039257e-04	1.461231e-01	7.953210e-04
5.114130627626499e-08	3.322880e-04	1.466175e-01	6.388350e-04
5.117258702067911e-08	2.861580e-04	1.470859e-01	4.647564e-04
5.120196656456736e-08	2.503947e-04	1.475759e-01	3.574962e-04
5.123589088314501e-08	1.872014e-04	1.481264e-01	3.128986e-04
5.126734821463679e-08	1.267733e-04	1.485581e-01	2.862054e-04
5.130176197871370e-08	9.831855e-05	1.489571e-01	2.251140e-04
5.133131419046411e-08	1.037287e-04	1.492209e-01	1.655292e-04
5.136584002219819e-08	1.028785e-04	1.493721e-01	1.268744e-04
5.139235271961540e-08	7.705100e-05	1.493680e-01	1.139003e-04
5.142177815219948e-08	4.120761e-05	1.493388e-01	8.799697e-05
5.144959876654743e-08	2.776696e-05	1.493982e-01	4.697233e-05
5.146541914360314e-08	3.278052e-05	1.494920e-01	2.752002e-05
5.148059717585345e-08	3.964613e-05	1.496080e-01	2.416993e-05
5.149797963216957e-08	3.963192e-05	1.497275e-01	3.757816e-05
5.151008448175497e-08	3.280079e-05	1.497863e-01	5.300235e-05
5.152330994534215e-08	2.089708e-05	1.498203e-01	6.753501e-05
5.153966640379077e-08	8.129869e-06	1.498362e-01	7.259251e-05
5.155716773363232e-08	4.290208e-06	1.498423e-01	6.041092e-05
5.158234279262643e-08	1.337897e-05	1.498511e-01	3.224585e-05
5.162230540941845e-08	2.629416e-05	1.498532e-01	8.717650e-06
5.165855256447762e-08	1.667690e-05	1.498359e-01	1.284546e-05
5.169874886262494e-08	-9.455583e-06	1.498216e-01	2.141226e-05
5.170903942071692e-08	-1.310918e-05	1.498318e-01	1.806696e-05
5.171724146730397e-08	-1.172079e-05	1.498526e-01	1.171407e-05
5.172531276479020e-08	-7.557686e-06	1.498802e-01	5.423498e-06
5.173711137735212e-08	6.218825e-07	1.499254e-01	-8.650545e-07
5.175159871974329e-08	1.039533e-05	1.499787e-01	-2.854817e-06
5.176041845067496e-08	1.466486e-05	1.500053e-01	-2.165793e-07
5.176756597325233e-08	1.607834e-05	1.500197e-01	4.425531e-06
5.177561953580371e-08	1.545651e-05	1.500276e-01	1.103118e-05
5.178329850966262e-08	1.294165e-05	1.500268e-01	1.727305e-05
5.179578162963942e-08	6.750316e-06	1.500129e-01	2.474045e-05
5.180922974032553e-08	5.833699e-07	1.499901e-01	2.634840e-05
5.182874551711372e-08	-2.954346e-06	1.499594e-01	1.748800e-05
5.185129940680764e-08	1.224242e-06	1.499408e-01	3.098667e-07
5.186923541087057e-08	7.815745e-06	1.499408e-01	-1.004012e-05
5.188861661427572e-08	1.173835e-05	1.499475e-01	-1.065753e-05
5.190894851846481e-08	8.323468e-06	1.499521e-01	-3.116862e-06
5.194961232684300e-08	-6.610627e-06	1.499592e-01	1.153277e-05
5.196541719893606e-08	-9.917754e-06	1.499677e-01	1.129865e-05
5.197718754152412e-08	-8.369659e-06	1.499807e-01	6.803730e-06
5.199251138930956e-08	-2.512289e-06	1.500021e-01	3.589347e-07
5.200915375521700e-08	4.904426e-06	1.500235e-01	-3.732414e-06
5.201900641049797e-08	8.245897e-06	1.500315e-01	-3.451387e-06
5.202928805216392e-08	9.570260e-06	1.500328e-01	-6.436226e-07
5.204029533557611e-08	8.485608e-06	1.500265e-01	3.544061e-06
5.205410132214510e-08	4.698993e-06	1.500109e-01	8.041271e-06
5.206978433978702e-08	-2.133491e-08	1.499904e-01	9.340619e-06
5.209081450192531e-08	-3.904996e-06	1.499683e-01	4.915160e-06
5.210191604301945e-08	-3.709207e-06	1.499629e-01	3.100866e-07
5.211290899481235e-08	-1.557332e-06	1.499643e-01	-4.715720e-06
5.212404209941026e-08	1.311982e-06	1.499700e-01	-8.206433e-06
5.213716231049849e-08	4.134510e-06	1.499791e-01	-9.180622e-06
5.215010118903540e-08	5.130950e-06	1.499872e-01	-6.783483e-06
5.216454610301043e-08	3.724107e-06	1.499931e-01	-1.499686e-06
5.217832833663291e-08	6.401711e-07	1.499955e-01	3.681832e-06
5.219515952164588e-08	-3.218231e-06	1.499967e-01	7.256545e-06
5.221327550300470e-08	-5.077512e-06	1.499996e-01	6.653920e-06
5.222931361322794e-08	-3.658340e-06	1.500048e-01	3.194672e-06
5.225084743549641e-08	8.553930e-07	1.500125e-01	-1.498660e-06
5.227146936074791e-08	4.523757e-06	1.500152e-01	-2.796839e-06
5.228682724997557e-08	4.995162e-06	1.500112e-01	-1.043350e-06
5.230240303146534e-08	3.036168e-06	1.500018e-01	1.793505e-06
5.231879013119152e-08	6.365237e-08	1.499911e-01	3.323183e-06
5.234040530211275e-08	-2.886622e-06	1.499810e-01	2.146970e-06
5.235074195082490e-08	-3.158766e-06	1.499798e-01	3.136378e-07
5.236084916967877e-08	-2.291455e-06	1.499823e-01	-1.906941e-06
5.237474854703741e-08	-3.482389e-07	1.499887e-01	-4.130079e-06
5.238778526490040e-08	1.258681e-06	1.499955e-01	-4.468815e-06
5.240692725825098e-08	2.283064e-06	1.500036e-01	-2.230322e-06
5.241846594275332e-08	1.803631e-06	1.500062e-01	1.191696e-07
5.243135690838071e-08	3.410683e-07	1.500064e-01	2.695394e-06
5.244840587796214e-08	-1.577442e-06	1.500050e-01	4.352049e-06
5.246611250013184e-08	-2.197980e-06	1.500039e-01	3.521466e-06
5.249264104643409e-08	-5.722378e-07	1.500042e-01	1.403910e-07
5.252128488664689e-08	2.048507e-06	1.500043e-01	-2.260359e-06
5.253974535729470e-08	2.622266e-06	1.500021e-01	-1.719945e-06
5.255634475515566e-08	1.579111e-06	1.499980e-01	-5.721830e-08
5.257765619598024e-08	-6.316918e-07	1.499927e-01	1.459641e-06
5.259541482475872e-08	-1.947369e-06	1.499908e-01	1.275689e-06
5.260887843143680e-08	-1.988431e-06	1.499922e-01	1.774170e-07
5.262364283730303e-08	-1.084531e-06	1.499963e-01	-1.193954e-06
5.264046717302193e-08	2.253230e-07	1.500015e-01	-1.820568e-06
5.266200079294377e-08	1.271720e-06	1.500064e-01	-9.435029e-07
5.267521826895262e-08	1.161652e-06	1.500073e-01	3.189733e-07
5.268966994237226e-08	3.713665e-07	1.500060e-01	1.664847e-06
5.270849861339891e-08	-6.677849e-07	1.500032e-01	2.231190e-06
5.272924204500730e-08	-9.682718e-07	1.500008e-01	1.251314e-06
5.275079124303498e-08	-2.277157e-07	1.500001e-01	-4.660260e-07
5.277705078777078e-08	8.813716e-07	1.500001e-01	-1.486386e-06
5.280428832193597e-08	8.620076e-07	1.499993e-01	-7.866993e-07
5.284283771452138e-08	-4.819191e-07	1.499980e-01	6.442091e-07
5.287477300292820e-08	-9.664946e-07	1.499993e-01	3.960466e-07
5.289744375066073e-08	-3.412316e-07	1.500019e-01	-3.788584e-07
5.292474521444848e-08	7.096274e-07	1.500047e-01	-6.064011e-07
5.294392872859999e-08	8.374384e-07	1.500045e-01	2.468771e-08
5.296234631968771e-08	3.277849e-07	1.500026e-01	7.615716e-07
5.298520643397647e-08	-3.339748e-07	1.499999e-01	8.492791e-07
5.301346265764017e-08	-3.993435e-07	1.499985e-01	-1.132739e-07
5.303604846896487e-08	7.120510e-08	1.499991e-01	-8.465908e-07
5.306379632380219e-08	4.586859e-07	1.500004e-01	-7.140363e-07
5.309357374493271e-08	1.340615e-07	1.500007e-01	1.309312e-07
5.313228802259386e-08	-3.918556e-07	1.500008e-01	5.253173e-07
5.317248209543300e-08	-1.691092e-07	1.500015e-01	4.799609e-08
5.323020582737600e-08	3.855073e-07	1.500014e-01	-1.492657e-07
5.326161288307852e-08	1.499920e-07	1.500003e-01	1.404518e-07
5.330644611834569e-08	-3.470256e-07	1.499993e-01	7.950720e-08
5.333480156651552e-08	-1.493892e-07	1.500002e-01	-2.929873e-07
5.336733184530285e-08	2.308673e-07	1.500017e-01	-2.887196e-07
5.340069192873346e-08	1.155745e-07	1.500017e-01	2.457137e-07
5.343178638934115e-08	-1.849769e-07	1.500009e-01	4.187453e-07
5.346612091353797e-08	-1.284800e-07	1.500005e-01	-2.063014e-08
5.350292704721759e-08	1.602382e-07	1.500007e-01	-3.179332e-07
5.354654552525243e-08	1.362924e-07	1.500007e-01	-9.464567e-08
5.362083787019320e-08	-1.134001e-07	1.500007e-01	7.693019e-08
5.368284072812681e-08	4.522263e-08	1.500012e-01	-8.389613e-08
5.374703487347929e-08	5.942723e-08	1.500008e-01	5.930469e-08
5.379709396992646e-08	-1.070822e-07	1.500002e-01	9.520647e-08
5.385092811090329e-08	-9.134112e-09	1.500007e-01	-1.205183e-07
5.390306906517338e-08	8.717437e-08	1.500011e-01	-2.087867e-08
5.395597593633358e-08	-5.082222e-08	1.500008e-01	1.415207e-07
5.401126960593547e-08	-3.265159e-08	1.500006e-01	-4.211110e-08
5.407007009325789e-08	7.230793e-08	1.500008e-01	-8.851286e-08
5.413291996335952e-08	1.521901e-08	1.500008e-01	4.524491e-08
5.425861970356278e-08	-1.085319e-08	1.500008e-01	-5.413931e-10
5.440510407856278e-08	1.022677e-08	1.500008e-01	-8.483294e-10
5.455158845356278e-08	-1.542131e-08	1.500008e-01	5.452592e-09
5.469381911982903e-08	1.842122e-08	1.500008e-01	-9.062873e-09
5.482566154030666e-08	-8.379646e-09	1.500007e-01	1.634192e-08
5.497214591530666e-08	3.617871e-09	1.500008e-01	-1.371793e-08
5.511863029030665e-08	-5.799654e-09	1.500008e-01	2.161240e-08
5.524010371023172e-08	-1.270217e-08	1.500007e-01	-6.086644e-09
5.536423514592705e-08	1.458340e-08	1.500008e-01	-3.483005e-09
5.548378865979960e-08	-1.007066e-08	1.500008e-01	2.408640e-08
5.563027303479959e-08	7.332160e-09	1.500008e-01	-1.649951e-08
5.577675740979959e-08	-3.285258e-09	1.500008e-01	1.471124e-08
5.592324178479959e-08	-1.696186e-09	1.500008e-01	-8.604326e-09
5.606972615979959e-08	6.563713e-09	1.500008e-01	6.038849e-10
5.621621053479958e-08	-9.944257e-09	1.500008e-01	6.552463e-09
5.636269490979958e-08	1.069156e-08	1.500008e-01	-1.098507e-08
5.650917928479958e-08	-8.462761e-09	1.500008e-01	1.214369e-08
5.665566365979957e-08	3.947407e-09	1.500008e-01	-1.052309e-08
5.680214803479957e-08	1.398953e-09	1.500008e-01	7.033812e-09
5.694863240979957e-08	-5.958568e-09	1.500008e-01	-2.530492e-09
5.709511678479956e-08	8.555844e-09	1.500008e-01	-2.269188e-09
5.724160115979956e-08	-8.774357e-09	1.500008e-01	6.612072e-09
5.738808553479956e-08	6.908049e-09	1.500008e-01	-9.604440e-09
5.753456990979955e-08	-3.678831e-09	1.500008e-01	1.038822e-08
5.768105428479955e-08	-6.764944e-11	1.500008e-01	-8.537659e-09
5.782753865979955e-08	3.547845e-09	1.500008e-01	4.401389e-09
5.797402303479955e-08	-6.105119e-09	1.500008e-01	8.810196e-10
5.812050740979954e-08	7.241949e-09	1.500008e-01	-5.753446e-09
5.826699178479954e-08	-6.696011e-09	1.500008e-01	8.826801e-09
5.841347615979954e-08	4.552013e-09	1.500008e-01	-9.370936e-09
5.855996053479953e-08	-1.304325e-09	1.500008e-01	7.489261e-09
5.870644490979953e-08	-2.217391e-09	1.500008e-01	-3.948144e-09
5.885292928479953e-08	5.074548e-09	1.500008e-01	-1.879172e-10
5.899941365979952e-08	-6.517512e-09	1.500008e-01	3.908805e-09
5.914589803479952e-08	6.225109e-09	1.500008e-01	-6.467896e-09
5.929238240979952e-08	-4.383244e-09	1.500008e-01	7.442978e-09
5.943886678479951e-08	1.582980e-09	1.500008e-01	-6.726010e-09
5.958535115979951e-08	1.397828e-09	1.500008e-01	4.512845e-09
5.973183553479951e-08	-3.828450e-09	1.500008e-01	-1.298496e-09
5.987831990979951e-08	5.194333e-09	1.500008e-01	-2.172333e-09
6.002480428479952e-08	-5.273133e-09	1.500008e-01	5.047958e-09
6.017128865979952e-08	4.134685e-09	1.500008e-01	-6.594998e-09
6.031777303479952e-08	-2.096134e-09	1.500008e-01	6.428030e-09
6.046425740979953e-08	-3.489516e-10	1.500008e-01	-4.640550e-09
6.061074178479953e-08	2.626009e-09	1.500008e-01	1.772938e-09
6.075722615979953e-08	-4.199522e-09	1.500008e-01	1.370350e-09
6.090371053479954e-08	4.701510e-09	1.500008e-01	-3.974741e-09
6.105019490979954e-08	-4.032480e-09	1.500008e-01	5.440631e-09
6.119667928479954e-08	2.394815e-09	1.500008e-01	-5.509811e-09
6.134316365979955e-08	-2.379013e-10	1.500008e-01	4.278158e-09
6.148964803479955e-08	-1.871259e-09	1.500008e-01	-2.123565e-09
6.163613240979956e-08	3.408153e-09	1.500008e-01	-4.074099e-10
6.178261678479956e-08	-4.027791e-09	1.500008e-01	2.722400e-09
6.192910115979956e-08	3.638605e-09	1.500008e-01	-4.301017e-09
6.207558553479957e-08	-2.400828e-09	1.500008e-01	4.799722e-09
6.222206990979957e-08	6.628220e-10	1.500008e-01	-4.129327e-09
6.236855428479957e-08	1.137039e-09	1.500008e-01	2.482444e-09
6.251503865979958e-08	-2.575310e-09	1.500008e-01	-2.917142e-10
6.266152303479958e-08	3.334541e-09	1.500008e-01	-1.880393e-09
6.280800740979958e-08	-3.267026e-09	1.500008e-01	3.492327e-09
6.295449178479959e-08	2.422056e-09	1.500008e-01	-4.168033e-09
6.310097615979959e-08	-1.030783e-09	1.500008e-01	3.789363e-09
6.324746053479959e-08	-5.508780e-10	1.500008e-01	-2.510477e-09
6.339394490979960e-08	1.930827e-09	1.500008e-01	6.974277e-10
6.354042928479960e-08	-2.779519e-09	1.500008e-01	1.180728e-09
6.368691365979960e-08	2.911963e-09	1.500008e-01	-2.673280e-09
6.383339803479961e-08	-2.329610e-09	1.500008e-01	3.450602e-09
6.397988240979961e-08	1.211197e-09	1.500008e-01	-3.369044e-09
6.412636678479962e-08	1.423494e-10	1.500008e-01	2.490697e-09
6.427285115979962e-08	-1.390467e-09	1.500008e-01	-1.059134e-09
6.441933553479962e-08	2.238776e-09	1.500008e-01	-5.624183e-10
6.456581990979963e-08	-2.506367e-09	1.500008e-01	1.978303e-09
6.471230428479963e-08	2.160664e-09	1.500008e-01	-2.855138e-09
6.485878865979963e-08	-1.315550e-09	1.500008e-01	3.001703e-09
6.500527303479964e-08	1.966574e-10	1.500008e-01	-2.412965e-09
6.515175740979964e-08	9.164968e-10	1.500008e-01	1.265664e-09
6.529824178479964e-08	-1.758029e-09	1.500008e-01	1.332449e-10
6.544472615979965e-08	2.137929e-09	1.500008e-01	-1.429947e-09
6.559121053479965e-08	-1.984854e-09	1.500008e-01	2.314687e-09
6.573769490979965e-08	1.359371e-09	1.500008e-01	-2.595552e-09
6.588417928479966e-08	-4.344359e-10	1.500008e-01	2.237607e-09
6.603066365979966e-08	-5.515155e-10	1.500008e-01	-1.360974e-09
6.617714803479967e-08	1.356226e-09	1.500008e-01	2.024136e-10
6.632363240979967e-08	-1.793511e-09	1.500008e-01	9.473021e-10
6.647011678479967e-08	1.776075e-09	1.500008e-01	-1.814326e-09
6.661660115979968e-08	-1.331386e-09	1.500008e-01	2.204919e-09
6.676308553479968e-08	5.885002e-10	1.500008e-01	-2.047443e-09
6.690956990979968e-08	2.587973e-10	1.500008e-01	1.404445e-09
6.705605428479969e-08	-1.001941e-09	1.500008e-01	-4.526467e-10
6.720253865979969e-08	1.467970e-09	1.500008e-01	-5.640188e-10
6.734902303479969e-08	-1.558706e-09	1.500008e-01	1.396400e-09
6.749550740979970e-08	1.270375e-09	1.500008e-01	-1.851357e-09
6.764199178479970e-08	-6.901312e-10	1.500008e-01	1.836722e-09
6.778847615979970e-08	-2.877770e-11	1.500008e-01	-1.379082e-09
6.793496053479971e-08	7.066506e-10	1.500008e-01	6.112546e-10
6.808144490979971e-08	-1.181816e-09	1.500008e-01	2.657368e-10
6.822792928479972e-08	1.349035e-09	1.500008e-01	-1.035067e-09
6.837441365979972e-08	-1.182552e-09	1.500008e-01	1.517160e-09
6.852089803479972e-08	7.387075e-10	1.500008e-01	-1.610637e-09
6.866738240979973e-08	-1.382774e-10	1.500008e-01	1.312308e-09
6.881386678479973e-08	-4.660583e-10	1.500008e-01	-7.129051e-10
6.896035115979973e-08	9.283403e-10	1.500008e-01	-2.914047e-11
6.910683553479974e-08	-1.144236e-09	1.500008e-01	7.286614e-10
6.925331990979974e-08	1.073998e-09	1.500008e-01	-1.219291e-09
6.939980428479974e-08	-7.486565e-10	1.500008e-01	1.392606e-09
6.954628865979975e-08	2.589743e-10	1.500008e-01	-1.221740e-09
6.969277303479975e-08	2.692780e-10	1.500008e-01	7.642664e-10
6.983925740979975e-08	-7.071562e-10	1.500008e-01	-1.444107e-10
6.998574178479976e-08	9.536065e-10	1.500008e-01	-4.802283e-10
7.013222615979976e-08	-9.584287e-10	1.500008e-01	9.585510e-10
7.027871053479977e-08	7.320026e-10	1.500008e-01	-1.182285e-09
7.042519490979977e-08	-3.399869e-10	1.500008e-01	1.110032e-09
7.057167928479977e-08	-1.150987e-10	1.500008e-01	-7.738455e-10
7.071816365979978e-08	5.203962e-10	1.500008e-01	2.677339e-10
7.086464803479978e-08	-7.805079e-10	1.500008e-01	2.781066e-10
7.101113240979978e-08	8.397378e-10	1.500008e-01	-7.303746e-10
7.115761678479979e-08	-6.936122e-10	1.500008e-01	9.847929e-10
7.130410115979979e-08	3.874271e-10	1.500008e-01	-9.897019e-10
7.145058553479979e-08	-2.828959e-12	1.500008e-01	7.559415e-10
7.159706990979980e-08	-3.636734e-10	1.500008e-01	-3.512870e-10
7.174355428479980e-08	6.246861e-10	1.500008e-01	-1.185284e-10
7.189003865979980e-08	-7.224961e-10	1.500008e-01	5.370828e-10
7.218300740979981e-08	-4.098506e-10	1.500008e-01	8.672814e-10
7.232949178479982e-08	9.067624e-11	1.500008e-01	-7.165406e-10
7.247597615979982e-08	2.348932e-10	1.500008e-01	4.003443e-10
7.262246053479982e-08	-4.880732e-10	1.500008e-01	-3.037959e-12
7.276894490979983e-08	6.113205e-10	1.500008e-01	-3.756070e-10
7.306191365979983e-08	4.124042e-10	1.500008e-01	-7.461991e-10
7.320839803479984e-08	-1.523802e-10	1.500008e-01	6.624312e-10
7.335488240979984e-08	-1.317266e-10	1.500008e-01	-4.231241e-10
7.350136678479984e-08	3.702355e-10	1.500008e-01	9.349926e-11
7.364785115979985e-08	-5.078686e-10	1.500008e-01	2.426432e-10
7.408730428479986e-08	1.929055e-10	1.500008e-01	-6.000471e-10
7.423378865979986e-08	5.060245e-11	1.500008e-01	4.257588e-10
7.438027303479986e-08	-2.700643e-10	1.500008e-01	-1.572815e-10
7.452675740979987e-08	4.137620e-10	1.500008e-01	-1.360683e-10
7.511269490979988e-08	1.124048e-11	1.500008e-01	-4.129349e-10
7.525917928479989e-08	-3.757056e-10	1.500008e-01	1.208064e-09
7.535351562500000e-08	-9.340433e-10	1.500008e-01	1.184169e-09
7.550000000000001e-08	6.205297e-09	1.500008e-01	-5.427681e-09
7.550351948305437e-08	-1.254597e-07	1.500008e-01	-3.862811e-09
7.551055844916309e-08	-2.030370e-06	1.500006e-01	2.292792e-08
7.552463638138051e-08	-1.284247e-05	1.499994e-01	2.046475e-07
7.553160263900315e-08	-2.562870e-05	1.499972e-01	5.317333e-07
7.554083938158305e-08	-5.549848e-05	1.499901e-01	1.586481e-06
7.554685096784330e-08	-8.307248e-05	1.499807e-01	2.991232e-06
7.555277101443444e-08	-1.176552e-04	1.499634e-01	5.568319e-06
7.555945843819265e-08	-1.625421e-04	1.499297e-01	1.056715e-05
7.556674668549372e-08	-2.152891e-04	1.498676e-01	1.963273e-05
7.557495156838146e-08	-2.760059e-04	1.497530e-01	3.604064e-05
7.558418145918934e-08	-3.435648e-04	1.495478e-01	6.445975e-05
7.559491583033808e-08	-4.218666e-04	1.491830e-01	1.126485e-04
7.560763431049030e-08	-5.183935e-04	1.485561e-01	1.901888e-04
7.562345592389649e-08	-6.441568e-04	1.475046e-01	3.093934e-04
7.564454783858670e-08	-7.989862e-04	1.458181e-01	4.844365e-04
7.567086218917585e-08	-9.290976e-04	1.436204e-01	7.044946e-04
7.570198990506585e-08	-9.781693e-04	1.411771e-01	9.635044e-04
7.573385855580602e-08	-9.442067e-04	1.387535e-01	1.225220e-03
7.576379031766571e-08	-8.747095e-04	1.360908e-01	1.413484e-03
7.580071217451538e-08	-7.748599e-04	1.317712e-01	1.461408e-03
7.583982203790501e-08	-6.739396e-04	1.259456e-01	1.276227e-03
7.587153049764335e-08	-6.293170e-04	1.203017e-01	1.005525e-03
7.590226758243496e-08	-6.586247e-04	1.141494e-01	7.243467e-04
7.592853391739836e-08	-7.441102e-04	1.085361e-01	5.016836e-04
7.595920368024984e-08	-8.702924e-04	1.018064e-01	2.491855e-04
7.597186708194326e-08	-9.159239e-04	9.902032e-02	1.434639e-04
7.597467319661316e-08	-9.236800e-04	9.840442e-02	1.200823e-04
7.598028542595297e-08	-9.361144e-04	9.717271e-02	7.469407e-05
7.598877554132038e-08	-9.522442e-04	9.530012e-02	9.937553e-06
7.600000000000001e-08	-9.712840e-04	9.280851e-02	-7.037011e-05
7.600336733760388e-08	-9.766958e-04	9.204829e-02	-9.143508e-05
7.600785712107574e-08	-9.840424e-04	9.102252e-02	-1.177096e-04
7.601683668801944e-08	-9.961093e-04	8.892062e-02	-1.656787e-04
7.603479582190683e-08	-9.965776e-04	8.455280e-02	-2.596942e-04
7.606168037416671e-08	-9.324999e-04	7.782005e-02	-4.356598e-04
7.609283658167149e-08	-7.874997e-04	7.016916e-02	-7.321872e-04
7.612497457823451e-08	-6.081361e-04	6.290040e-02	-1.133243e-03
7.615066967794179e-08	-4.876074e-04	5.766931e-02	-1.469785e-03
7.618484528854967e-08	-4.176144e-04	5.102371e-02	-1.865839e-03
7.621613157330092e-08	-4.624032e-04	4.477352e-02	-2.182203e-03
7.624910054165400e-08	-5.739662e-04	3.814231e-02	-2.480613e-03
7.628657565401523e-08	-6.946668e-04	3.124646e-02	-2.690111e-03
7.633422038671111e-08	-8.280639e-04	2.398292e-02	-2.638745e-03
7.638428277226679e-08	-9.163792e-04	1.805343e-02	-2.300827e-03
7.643174596969348e-08	-8.740263e-04	1.378193e-02	-1.906940e-03
7.646881703955386e-08	-7.480212e-04	1.111046e-02	-1.624245e-03
7.650227535641772e-08	-6.308063e-04	8.932965e-03	-1.379389e-03
7.653681210064866e-08	-5.577700e-04	6.805304e-03	-1.147725e-03
7.656610946331110e-08	-5.103513e-04	5.310673e-03	-9.973119e-04
7.659765674587469e-08	-4.384578e-04	4.238567e-03	-8.617648e-04
7.663004348020196e-08	-3.562664e-04	3.583002e-03	-6.966990e-04
7.665971315377017e-08	-3.047533e-04	3.124592e-03	-5.258241e-04
7.668942773843964e-08	-2.715124e-04	2.633766e-03	-3.880639e-04
7.671195213968231e-08	-2.353203e-04	2.244938e-03	-3.375717e-04
7.673566055535472e-08	-1.802173e-04	1.871398e-03	-3.222228e-04
7.676043504852360e-08	-1.247512e-04	1.526975e-03	-3.030773e-04
7.677671060693061e-08	-1.036913e-04	1.312958e-03	-2.738618e-04
7.679240961661138e-08	-1.018877e-04	1.110237e-03	-2.336753e-04
7.680982019014505e-08	-1.123996e-04	9.016444e-04	-1.907653e-04
7.682375801255112e-08	-1.213401e-04	7.690250e-04	-1.667307e-04
7.683797215099323e-08	-1.218042e-04	6.893193e-04	-1.551499e-04
7.685528777442105e-08	-1.072504e-04	6.643088e-04	-1.496277e-04
7.687350782713191e-08	-8.109353e-05	6.918061e-04	-1.408847e-04
7.688892483750872e-08	-5.867660e-05	7.271664e-04	-1.235018e-04
7.690187876412628e-08	-4.627621e-05	7.387148e-04	-1.000183e-04
7.691513007993858e-08	-4.228584e-05	7.159069e-04	-7.243112e-05
7.692917254381216e-08	-4.473178e-05	6.551935e-04	-4.722504e-05
7.694152082313895e-08	-4.871499e-05	5.790181e-04	-3.418142e-05
7.695353128991892e-08	-5.018485e-05	4.968421e-04	-3.299646e-05
7.696751967484252e-08	-4.586381e-05	4.084513e-04	-4.306852e-05
7.698224358352445e-08	-3.486588e-05	3.357618e-04	-5.863137e-05
7.700154293236210e-08	-1.665540e-05	2.685457e-04	-7.466568e-05
7.701350948702020e-08	-7.146231e-06	2.383966e-04	-7.705197e-05
7.702163967714137e-08	-3.715344e-06	2.212832e-04	-7.297569e-05
7.702910759927801e-08	-3.788642e-06	2.054717e-04	-6.548138e-05
7.703816185152146e-08	-7.432253e-06	1.854313e-04	-5.381139e-05
7.704816842653757e-08	-1.445767e-05	1.632240e-04	-4.022360e-05
7.705774712077059e-08	-2.250576e-05	1.442381e-04	-2.885384e-05
7.706839295354476e-08	-3.068349e-05	1.290127e-04	-2.012042e-05
7.707821385767609e-08	-3.550405e-05	1.234856e-04	-1.665255e-05
7.708876950491297e-08	-3.617855e-05	1.290927e-04	-1.764670e-05
7.710154449190677e-08	-3.139900e-05	1.488236e-04	-2.238983e-05
7.711191448626632e-08	-2.401439e-05	1.719479e-04	-2.668552e-05
7.712174504188044e-08	-1.547278e-05	1.954375e-04	-2.892464e-05
7.713291741819582e-08	-6.411917e-06	2.173327e-04	-2.784460e-05
7.714273918425948e-08	-4.794124e-07	2.282977e-04	-2.358481e-05
7.715060589496762e-08	1.923467e-06	2.282598e-04	-1.808068e-05
7.715993172942059e-08	1.873263e-06	2.172047e-04	-1.045949e-05
7.717001843440958e-08	-7.534928e-07	1.946107e-04	-2.812517e-06
7.717985825493537e-08	-4.876835e-06	1.646976e-04	2.567616e-06
7.718812375839877e-08	-8.540539e-06	1.362163e-04	4.321301e-06
7.719764328229246e-08	-1.174597e-05	1.036704e-04	2.699149e-06
7.720786235643201e-08	-1.314298e-05	7.292006e-05	-2.523495e-06
7.721765360427539e-08	-1.218537e-05	4.988219e-05	-9.823684e-06
7.722619193925742e-08	-9.582654e-06	3.623728e-05	-1.682677e-05
7.723479686646844e-08	-5.844946e-06	2.858910e-05	-2.306588e-05
7.724415811129270e-08	-1.531606e-06	2.550493e-05	-2.765646e-05
7.725344533883051e-08	2.050056e-06	2.586562e-05	-2.922493e-05
7.726214659306449e-08	3.948452e-06	2.763562e-05	-2.760008e-05
7.727209401664256e-08	3.939430e-06	2.956052e-05	-2.265872e-05
7.728170030635150e-08	1.736017e-06	3.031039e-05	-1.598309e-05
7.729407373427942e-08	-3.243373e-06	2.990413e-05	-6.889998e-06
7.730548397719545e-08	-8.500097e-06	2.942074e-05	3.043191e-08
7.731465125251248e-08	-1.209901e-05	3.029795e-05	3.298987e-06
7.732460432878115e-08	-1.426521e-05	3.389411e-05	3.974533e-06
7.733512659188187e-08	-1.403563e-05	4.111670e-05	2.054936e-06
7.734790325597713e-08	-1.068092e-05	5.329752e-05	-2.160602e-06
7.736098562056120e-08	-5.147133e-06	6.661578e-05	-6.396684e-06
7.737253865934120e-08	1.563815e-07	7.607414e-05	-8.556849e-06
7.738200124599724e-08	3.654603e-06	7.963775e-05	-8.407041e-06
7.739177712691897e-08	5.605015e-06	7.762077e-05	-6.412624e-06
7.740240827475645e-08	5.655562e-06	6.902642e-05	-3.013028e-06
7.741295624591196e-08	3.873381e-06	5.499620e-05	5.197349e-07
7.742377644422556e-08	8.783882e-07	3.706708e-05	3.135523e-06
7.743446052436165e-08	-2.252595e-06	1.872686e-05	3.874345e-06
7.744447768815877e-08	-4.431429e-06	3.761788e-06	2.501952e-06
7.745647500128068e-08	-5.439785e-06	-9.013231e-06	-1.200151e-06
7.746732209706789e-08	-4.758600e-06	-1.477648e-05	-5.438672e-06
7.747823710008719e-08	-2.819060e-06	-1.492733e-05	-9.408649e-06
7.748873525204751e-08	-5.120457e-07	-1.105158e-05	-1.177519e-05
7.750046165284379e-08	1.585992e-06	-4.364092e-06	-1.195658e-05
7.751322628570048e-08	2.505326e-06	3.060858e-06	-9.417874e-06
7.752472795509069e-08	1.747087e-06	8.241887e-06	-5.356479e-06
7.753815528186809e-08	-6.378607e-07	1.187775e-05	-1.130674e-07
7.755179197609096e-08	-3.566144e-06	1.384096e-05	4.028755e-06
7.756298751931877e-08	-5.452692e-06	1.511337e-05	5.550462e-06
7.757408250585200e-08	-6.060660e-06	1.702796e-05	4.989050e-06
7.758697373009978e-08	-5.069036e-06	2.035886e-05	2.580097e-06
7.759789863886304e-08	-3.034377e-06	2.362924e-05	-4.966816e-08
7.761014506769016e-08	-1.080318e-07	2.659911e-05	-2.579384e-06
7.762211064523197e-08	2.457605e-06	2.738338e-05	-3.811204e-06
7.763390201553504e-08	3.909597e-06	2.489325e-05	-3.500937e-06
7.764752298969372e-08	3.885822e-06	1.796466e-05	-1.794571e-06
7.766112833197659e-08	2.353570e-06	8.089427e-06	2.808939e-07
7.767407412736985e-08	1.856681e-07	-1.903775e-06	1.512668e-06
7.768936246630022e-08	-2.027213e-06	-1.122323e-05	1.268431e-06
7.770388041712595e-08	-2.947328e-06	-1.551150e-05	-4.890662e-07
7.771659957192331e-08	-2.508313e-06	-1.465108e-05	-2.636351e-06
7.773012572564796e-08	-1.136490e-06	-9.885679e-06	-4.467095e-06
7.774307002241033e-08	3.044921e-07	-3.584466e-06	-4.947854e-06
7.775648515807379e-08	1.228509e-06	2.722218e-06	-3.847591e-06
7.776965675225499e-08	1.190046e-06	7.184932e-06	-1.578101e-06
7.778269785413663e-08	2.862028e-07	9.334273e-06	1.007974e-06
7.779656792317921e-08	-1.052391e-06	9.621602e-06	3.025011e-06
7.781265914350071e-08	-2.140847e-06	8.893449e-06	3.600774e-06
7.782976979748431e-08	-2.122897e-06	8.247028e-06	2.299331e-06
7.784374419345602e-08	-1.092206e-06	8.159198e-06	3.708265e-07
7.785856967692603e-08	5.428348e-07	7.994660e-06	-1.501028e-06
7.787324236363655e-08	1.877292e-06	6.793568e-06	-2.331955e-06
7.788809974569662e-08	2.316403e-06	3.894969e-06	-1.940539e-06
7.790353422522687e-08	1.654817e-06	-5.871013e-07	-7.433472e-07
7.791997074133625e-08	2.053515e-07	-5.532714e-06	4.436365e-07
7.793633678883652e-08	-1.176938e-06	-8.779777e-06	7.778788e-07
7.795175641693599e-08	-1.765060e-06	-8.992850e-06	1.504039e-07
7.796700829308392e-08	-1.435990e-06	-6.282340e-06	-9.112159e-07
7.798404775816219e-08	-4.384467e-07	-1.334171e-06	-1.701211e-06
7.800196210441290e-08	5.139952e-07	3.649640e-06	-1.455033e-06
7.801963538541944e-08	7.624108e-07	6.485401e-06	-2.117166e-07
7.803681659073783e-08	2.722155e-07	6.618531e-06	1.211879e-06
7.805520938434064e-08	-4.958248e-07	4.846919e-06	1.953052e-06
7.807496874901357e-08	-8.572684e-07	2.551510e-06	1.430499e-06
7.809226955885899e-08	-4.769028e-07	1.205230e-06	1.883002e-07
7.811177191131647e-08	4.238110e-07	4.317929e-07	-1.135809e-06
7.812963914058305e-08	1.027336e-06	-3.165225e-07	-1.507169e-06
7.814852545731025e-08	9.566980e-07	-1.663588e-06	-9.264132e-07
7.816657663414908e-08	2.624603e-07	-3.161321e-06	-2.693323e-08
7.818649952694746e-08	-5.967751e-07	-3.879280e-06	5.236985e-07
7.820973816560867e-08	-9.407215e-07	-2.553165e-06	2.749114e-07
7.823186602208642e-08	-4.793744e-07	3.729130e-07	-3.172970e-07
7.825532157328930e-08	2.681114e-07	3.285278e-06	-4.794847e-07
7.827912277494683e-08	5.391254e-07	4.088223e-06	9.449065e-08
7.830065969835038e-08	2.121840e-07	2.645532e-06	7.202193e-07
7.832401361138808e-08	-2.414894e-07	2.522889e-07	7.380495e-07
7.834995578751489e-08	-2.538759e-07	-1.397009e-06	-4.179940e-08
7.837348153156347e-08	1.352617e-07	-1.530667e-06	-7.476428e-07
7.839800896928877e-08	4.286858e-07	-1.060994e-06	-7.663764e-07
7.842029692858444e-08	2.342195e-07	-8.664995e-07	-1.723443e-07
7.844314650614116e-08	-2.414513e-07	-7.867418e-07	4.130660e-07
7.846792198158175e-08	-5.013370e-07	-1.750013e-07	4.505525e-07
7.849311074061374e-08	-2.481004e-07	1.001380e-06	5.043257e-08
7.852258744126590e-08	2.532819e-07	1.896000e-06	-2.203781e-07
7.855066237106031e-08	3.454306e-07	1.260506e-06	-9.595965e-10
7.857990796420822e-08	2.107531e-08	-4.210908e-07	2.560954e-07
7.861058460559934e-08	-2.198063e-07	-1.509337e-06	5.224134e-08
7.863906310742488e-08	-8.698292e-08	-1.106035e-06	-2.969305e-07
7.867429284504327e-08	1.365359e-07	8.920122e-08	-2.524142e-07
7.870717866705743e-08	2.941542e-08	5.411514e-07	1.541265e-07
7.874404513428128e-08	-1.705936e-07	3.994517e-07	2.998567e-07
7.877938121109158e-08	-4.194069e-08	3.545858e-07	-2.621062e-08
7.881312089276615e-08	1.845152e-07	2.460026e-07	-2.206251e-07
7.884864334230892e-08	1.165859e-07	-3.182544e-07	-3.183117e-08
7.888443134387379e-08	-1.219985e-07	-7.391528e-07	1.127003e-07
7.892196846781762e-08	-1.248258e-07	-2.919215e-07	-1.516533e-08
7.896778028825523e-08	7.731987e-08	5.551315e-07	-7.374322e-08
7.900906406951154e-08	5.732884e-08	4.405457e-07	9.848105e-08
7.905196535988640e-08	-6.296345e-08	-1.783085e-07	9.919843e-08
7.909735425101645e-08	-6.936750e-09	-2.875742e-07	-9.730447e-08
7.915003890011439e-08	5.334360e-08	-2.944662e-08	-5.663222e-08
7.919925291195338e-08	-4.661932e-08	2.696821e-08	9.984032e-08
7.925072655885622e-08	-3.931173e-08	1.279730e-07	1.083554e-08
7.929674913475954e-08	6.533620e-08	1.766655e-07	-7.465916e-08
7.934954153551242e-08	2.774630e-08	-9.070646e-08	9.901392e-09
7.941257912608474e-08	-4.893079e-08	-1.727338e-07	8.993323e-09
7.947118677991567e-08	1.160012e-08	1.176305e-07	-3.913892e-08
7.954065553551287e-08	1.419682e-08	9.535503e-08	3.156975e-08
7.960990923549059e-08	-2.416729e-08	-1.168538e-07	1.014779e-08
7.968253758373891e-08	1.414770e-08	-1.944212e-08	-4.042104e-08
7.976308447445832e-08	1.652310e-10	4.577939e-08	2.338236e-08
7.985211107604468e-08	-9.620285e-09	-1.990792e-09	7.622884e-10
7.994125913760973e-08	1.887045e-08	-3.802682e-09	-1.959262e-08
8.002792055707919e-08	-6.768817e-09	-2.303481e-08	1.871500e-08
8.014198244056734e-08	1.806714e-09	2.828966e-08	-7.919815e-09
8.025620942523122e-08	6.719482e-09	-5.758119e-09	1.381891e-09
8.037205350031331e-08	-1.083872e-08	-2.875379e-08	5.441388e-09
8.049947862606992e-08	6.816822e-09	3.162796e-08	-7.511439e-09
8.064581253420933e-08	-4.164764e-09	-2.117044e-08	5.919893e-09
8.079229690920934e-08	1.436951e-09	6.347066e-09	-6.792169e-09
8.093878128420934e-08	1.076921e-09	8.653748e-09	5.992796e-09
8.108526565920934e-08	-2.989273e-09	-1.636815e-08	-3.239619e-09
8.123175003420935e-08	4.205797e-09	1.514252e-08	-7.882868e-10
8.137823440920935e-08	-4.673097e-09	-8.785538e-09	4.689734e-09
8.152471878420935e-08	4.266814e-09	2.766173e-09	-7.037736e-09
8.167120315920936e-08	-2.896608e-09	-1.657638e-10	7.085825e-09
8.181768753420936e-08	7.134586e-10	2.142313e-10	-5.057493e-09
8.196417190920936e-08	1.782773e-09	5.307443e-11	1.902873e-09
8.211065628420937e-08	-3.859661e-09	-2.776819e-09	1.251345e-09
8.225714065920937e-08	4.847887e-09	7.347966e-09	-3.591506e-09
8.240362503420938e-08	-4.442057e-09	-1.087969e-08	4.796989e-09
8.255010940920938e-08	2.829737e-09	1.046817e-08	-4.914218e-09
8.269659378420938e-08	-5.856280e-10	-5.412902e-09	4.120806e-09
8.284307815920939e-08	-1.590278e-09	-2.200511e-09	-2.589610e-09
8.298956253420939e-08	3.137126e-09	8.827749e-09	5.227379e-10
8.313604690920939e-08	-3.776325e-09	-1.163142e-08	1.737377e-09
8.328253128420940e-08	3.505625e-09	9.979335e-09	-3.674934e-09
8.342901565920940e-08	-2.505069e-09	-5.416746e-09	4.728842e-09
8.357550003420940e-08	1.041260e-09	3.819771e-10	-4.528730e-09
8.372198440920941e-08	5.823211e-10	3.295014e-09	3.092913e-09
8.386846878420941e-08	-2.041486e-09	-5.125409e-09	-8.576757e-10
8.401495315920941e-08	3.018392e-09	5.645775e-09	-1.487546e-09
8.416143753420942e-08	-3.267485e-09	-5.539565e-09	3.268831e-09
8.430792190920942e-08	2.703411e-09	4.969632e-09	-4.060185e-09
8.445440628420943e-08	-1.459927e-09	-3.585658e-09	3.779220e-09
8.460089065920943e-08	-1.270622e-10	1.079765e-09	-2.635974e-09
8.474737503420943e-08	1.619449e-09	2.243407e-09	1.000890e-09
8.489385940920944e-08	-2.620059e-09	-5.373323e-09	7.236574e-10
8.504034378420944e-08	2.896222e-09	7.067504e-09	-2.181106e-09
8.518682815920944e-08	-2.434644e-09	-6.556290e-09	3.093509e-09
8.533331253420945e-08	1.416379e-09	3.994361e-09	-3.283485e-09
8.547979690920945e-08	-1.377123e-10	-3.778915e-10	2.707649e-09
8.562628128420945e-08	-1.082019e-09	-2.983041e-09	-1.490450e-09
8.577276565920946e-08	1.973857e-09	5.080094e-09	-7.555467e-11
8.591925003420946e-08	-2.363282e-09	-5.554677e-09	1.589349e-09
8.606573440920946e-08	2.190410e-09	4.649146e-09	-2.653949e-09
8.621221878420947e-08	-1.514451e-09	-2.897607e-09	3.000261e-09
8.635870315920947e-08	5.032579e-10	8.148284e-10	-2.569534e-09
8.650518753420947e-08	5.975485e-10	1.233011e-09	1.520710e-09
8.665167190920948e-08	-1.518468e-09	-2.973461e-09	-1.652343e-10
8.679815628420948e-08	2.034354e-09	4.126512e-09	-1.137091e-09
8.694464065920949e-08	-2.026660e-09	-4.400228e-09	2.078400e-09
8.709112503420949e-08	1.516764e-09	3.616182e-09	-2.468910e-09
8.723760940920949e-08	-6.568679e-10	-1.871502e-09	2.261003e-09
8.738409378420950e-08	-3.181411e-10	-4.003209e-10	-1.540039e-09
8.753057815920950e-08	1.159648e-09	2.543177e-09	4.949923e-10
8.767706253420950e-08	-1.671148e-09	-3.922189e-09	6.231107e-10
8.782354690920951e-08	1.752067e-09	4.168369e-09	-1.552277e-09
8.797003128420951e-08	-1.411687e-09	-3.298130e-09	2.076469e-09
8.811651565920951e-08	7.559088e-10	1.662151e-09	-2.078200e-09
8.826300003420952e-08	4.471068e-11	2.253213e-10	1.570980e-09
8.840948440920952e-08	-7.963837e-10	-1.875061e-09	-6.976830e-10
8.855596878420952e-08	1.325164e-09	2.945731e-09	-3.084986e-10
8.870245315920953e-08	-1.514787e-09	-3.277878e-09	1.189488e-09
8.884893753420953e-08	1.332317e-09	2.870800e-09	-1.732735e-09
8.899542190920954e-08	-8.352046e-10	-1.848921e-09	1.824200e-09
8.914190628420954e-08	1.563325e-10	4.404044e-10	-1.469696e-09
8.928839065920954e-08	5.305363e-10	1.043759e-09	7.827187e-10
8.943487503420955e-08	-1.056102e-09	-2.255966e-09	5.269019e-11
8.958135940920955e-08	1.298777e-09	2.892969e-09	-8.307737e-10
8.972784378420955e-08	-1.213496e-09	-2.789338e-09	1.372030e-09
8.987432815920956e-08	8.387039e-10	1.980649e-09	-1.561214e-09
9.002081253420956e-08	-2.813084e-10	-7.006341e-10	1.369647e-09
9.016729690920956e-08	-3.142642e-10	-6.923393e-10	-8.586155e-10
9.031378128420957e-08	8.033740e-10	1.829681e-09	1.630168e-10
9.046026565920957e-08	-1.075230e-09	-2.440905e-09	5.420674e-10
9.060675003420957e-08	1.076449e-09	2.417360e-09	-1.084816e-09
9.075323440920958e-08	-8.200685e-10	-1.818208e-09	1.339364e-09
9.089971878420958e-08	3.792526e-10	8.309384e-10	-1.256161e-09
9.104620315920959e-08	1.322943e-10	2.893409e-10	8.716152e-10
9.119268753420959e-08	-5.886219e-10	-1.280915e-09	-2.948305e-10
9.133917190920959e-08	8.820604e-10	1.926622e-09	-3.237448e-10
9.148565628420960e-08	-9.487129e-10	-2.093090e-09	8.321032e-10
9.163214065920960e-08	7.825849e-10	1.756569e-09	-1.113828e-09
9.177862503420960e-08	-4.348408e-10	-1.010023e-09	1.113654e-09
9.192510940920961e-08	-1.298128e-12	4.468836e-11	-8.465464e-10
9.207159378420961e-08	4.155958e-10	8.953405e-10	3.898788e-10
9.221807815920961e-08	-7.088067e-10	-1.576432e-09	1.380980e-10
9.236456253420962e-08	8.163215e-10	1.838083e-09	-6.078800e-10
9.251104690920962e-08	-7.218333e-10	-1.634347e-09	9.096004e-10
9.265753128420962e-08	4.584495e-10	1.040799e-09	-9.782850e-10
9.280401565920963e-08	-9.795759e-11	-2.267371e-10	8.077556e-10
9.295050003420963e-08	-2.683701e-10	-5.957075e-10	-4.499909e-10
9.309698440920964e-08	5.524248e-10	1.228033e-09	2.543521e-13
9.324346878420964e-08	-6.899974e-10	-1.531641e-09	4.280294e-10
9.338995315920964e-08	6.549448e-10	1.454513e-09	-7.319738e-10
9.353643753420965e-08	-4.637606e-10	-1.035878e-09	8.440215e-10
9.368292190920965e-08	1.698007e-10	3.913557e-10	-7.466860e-10
9.382940628420965e-08	1.511578e-10	3.166827e-10	4.741165e-10
9.397589065920966e-08	-4.202577e-10	-9.174236e-10	-1.009484e-10
9.412237503420966e-08	5.748826e-10	1.271304e-09	-2.779304e-10
9.426885940920966e-08	-5.831620e-10	-1.302555e-09	5.712145e-10
9.456182815920967e-08	-2.152431e-10	-4.963182e-10	6.760008e-10
9.470831253420967e-08	-6.008120e-11	-1.200628e-10	-4.783638e-10
9.485479690920968e-08	3.073444e-10	6.770983e-10	1.750131e-10
9.500128128420968e-08	-4.684018e-10	-1.041675e-09	1.560314e-10
9.544073440920969e-08	2.424243e-10	5.455447e-10	-6.021608e-10
9.558721878420970e-08	-1.061420e-11	-3.119216e-11	4.651475e-10
9.573370315920970e-08	-2.125635e-10	-4.643768e-10	-2.224979e-10
9.596389289135256e-08	-9.922218e-11	-2.149214e-10	-1.898082e-10
9.619408262349542e-08	-1.821429e-11	-3.723669e-11	-1.381606e-10
9.642427235563828e-08	3.046019e-11	6.867728e-11	-6.755504e-11
9.665446208778116e-08	4.680125e-11	1.028205e-10	2.200837e-11
9.688465181992402e-08	3.080890e-11	6.519309e-11	1.305297e-10
9.711484155206688e-08	-1.751686e-11	-4.420507e-11	2.580088e-10
9.734503128420974e-08	-9.817604e-11	-2.253739e-10	4.044459e-10
9.749151565920974e-08	-7.383874e-11	-1.575489e-10	-2.624865e-10
9.968878128420980e-08	2.336145e-10	5.178700e-10	-1.645412e-10
9.985351562500001e-08	-2.335567e-09	-5.154307e-09	8.021375e-10
9.989001555658042e-08	8.644754e-10	1.950791e-09	-2.150326e-09
9.992700013683918e-08	1.492326e-09	3.305662e-09	-1.100731e-09
1.000000000000000e-07	-2.849487e-09	-6.343222e-09	3.431609e-09
1.000003211994414e-07	-2.861780e-09	-6.377794e-09	3.396462e-09
1.000009635983243e-07	-2.825499e-09	-6.441101e-09	3.323464e-09
1.000022483960901e-07	-1.776533e-09	-6.541234e-09	3.166056e-09
1.000043294720337e-07	7.967637e-09	-6.621833e-09	2.882953e-09
1.000070161751068e-07	5.168391e-08	-6.519217e-09	2.469543e-09
1.000094998878057e-07	1.748752e-07	-5.816276e-09	2.002337e-09
1.000127221900870e-07	5.761395e-07	-2.260676e-09	1.080132e-09
1.000162117798232e-07	1.518990e-06	1.063294e-08	-1.030902e-09
1.000198626694133e-07	3.420488e-06	5.033770e-08	-6.660766e-09
1.000236106156158e-07	6.939015e-06	1.699065e-07	-2.337443e-08
1.000284182473588e-07	1.459832e-05	6.100452e-07	-8.645593e-08
1.000341853125989e-07	2.894488e-05	1.959160e-06	-2.846226e-07
1.000397750832206e-07	4.895850e-05	4.971602e-06	-7.349315e-07
1.000453441477562e-07	7.553923e-05	1.152514e-05	-1.724685e-06
1.000520634218801e-07	1.147833e-04	2.686486e-05	-4.047625e-06
1.000581504984013e-07	1.553426e-04	5.263484e-05	-7.931371e-06
1.000653616727785e-07	2.069577e-04	1.051171e-04	-1.575533e-05
1.000723169365344e-07	2.577039e-04	1.847221e-04	-2.743893e-05
1.000784373493992e-07	3.019381e-04	2.889745e-04	-4.241985e-05
1.000852186602973e-07	3.501924e-04	4.507774e-04	-6.507659e-05
1.000920989036042e-07	3.994059e-04	6.762017e-04	-9.549056e-05
1.001018274121400e-07	4.720424e-04	1.107854e-03	-1.508097e-04
1.001138198871087e-07	5.678249e-04	1.803458e-03	-2.341917e-04
1.001272748570501e-07	6.792279e-04	2.771907e-03	-3.412531e-04
1.001429565341217e-07	7.987289e-04	4.063136e-03	-4.727166e-04
1.001623484099504e-07	9.064807e-04	5.710569e-03	-6.335623e-04
1.001874573339654e-07	9.727784e-04	7.716418e-03	-8.406668e-04
1.002145672673691e-07	9.711988e-04	9.731905e-03	-1.071571e-03
1.002462709119687e-07	9.158807e-04	1.223060e-02	-1.325632e-03
1.002772480046829e-07	8.388342e-04	1.532574e-02	-1.464370e-03
1.003174248223580e-07	7.288347e-04	2.061439e-02	-1.397881e-03
1.003584388604463e-07	6.463205e-04	2.736673e-02	-1.115685e-03
1.003974119665403e-07	6.574879e-04	3.490133e-02	-7.708594e-04
1.004326005640790e-07	7.603436e-04	4.236077e-02	-4.696660e-04
1.004642788954397e-07	8.896017e-04	4.932070e-02	-2.087757e-04
1.004705715168645e-07	9.114783e-04	5.070931e-02	-1.567882e-04
1.004831567597142e-07	9.423527e-04	5.348756e-02	-5.594574e-05
1.005000000000000e-07	9.752330e-04	5.722127e-02	7.128633e-05
1.005016843240286e-07	9.778062e-04	5.760038e-02	8.229712e-05
1.005050529720857e-07	9.829695e-04	5.836295e-02	1.035378e-04
1.005117902682001e-07	9.925723e-04	5.991272e-02	1.426232e-04
1.005252648604287e-07	9.997953e-04	6.312032e-02	2.142724e-04
1.005522140448859e-07	9.589279e-04	6.978474e-02	3.718858e-04
1.005839105992860e-07	8.343545e-04	7.766184e-02	6.325538e-04
1.006138703367835e-07	6.732817e-04	8.466559e-02	9.799305e-04
1.006446276249005e-07	5.123771e-04	9.112475e-02	1.392440e-03
1.006722269891626e-07	4.211968e-04	9.651531e-02	1.734962e-03
1.007019035679506e-07	4.242040e-04	1.023536e-01	2.046507e-03
1.007306310871510e-07	5.090032e-04	1.081755e-01	2.319736e-03
1.007674631817559e-07	6.376227e-04	1.153542e-01	2.605517e-03
1.008104907455293e-07	7.643990e-04	1.225996e-01	2.707497e-03
1.008613153099599e-07	8.903064e-04	1.294441e-01	2.477725e-03
1.009061013583508e-07	9.160128e-04	1.340577e-01	2.117631e-03
1.009542072728955e-07	8.010438e-04	1.378815e-01	1.735931e-03
1.009838430595128e-07	6.902183e-04	1.398889e-01	1.516687e-03
1.010196220632406e-07	5.864407e-04	1.421802e-01	1.253660e-03
1.010435897862491e-07	5.466366e-04	1.435864e-01	1.104739e-03
1.010775653732155e-07	4.876252e-04	1.451201e-01	9.484470e-04
1.011101653586854e-07	4.056755e-04	1.460429e-01	8.024659e-04
1.011442370351876e-07	3.278106e-04	1.466356e-01	6.160461e-04
1.011759112859003e-07	2.845147e-04	1.471383e-01	4.470622e-04
1.012068428147199e-07	2.428845e-04	1.476639e-01	3.498861e-04
1.012412289202743e-07	1.735520e-04	1.482071e-01	3.132452e-04
1.012726472654261e-07	1.182853e-04	1.486247e-01	2.799766e-04
1.013075568568643e-07	1.006722e-04	1.490202e-01	2.100841e-04
1.013366985289230e-07	1.079807e-04	1.492607e-01	1.552625e-04
1.013696450780694e-07	9.895006e-05	1.493659e-01	1.263001e-04
1.013999528149614e-07	6.426546e-05	1.493438e-01	1.100767e-04
1.014273883022485e-07	3.374365e-05	1.493293e-01	7.908023e-05
1.014478536767961e-07	2.831434e-05	1.493906e-01	4.591625e-05
1.014628828805842e-07	3.462886e-05	1.494874e-01	2.818301e-05
1.014799242209943e-07	4.112163e-05	1.496160e-01	2.662336e-05
1.014980638176875e-07	3.877682e-05	1.497343e-01	4.248422e-05
1.015103265895764e-07	3.040334e-05	1.497878e-01	5.812180e-05
1.015241330544520e-07	1.757442e-05	1.498175e-01	7.111005e-05
1.015407458253407e-07	6.313266e-06	1.498311e-01	7.175859e-05
1.015597917028873e-07	5.652717e-06	1.498399e-01	5.461241e-05
1.015885495920653e-07	1.889935e-05	1.498533e-01	2.299457e-05
1.016238946098222e-07	2.766536e-05	1.498516e-01	8.335349e-06
1.016570509902231e-07	1.500155e-05	1.498293e-01	1.551455e-05
1.016923304327280e-07	-8.975030e-06	1.498143e-01	2.106455e-05
1.017024556252930e-07	-1.233574e-05	1.498244e-01	1.703812e-05
1.017098306237556e-07	-1.085626e-05	1.498433e-01	1.118044e-05
1.017196622211708e-07	-5.675558e-06	1.498774e-01	3.525841e-06
1.017294597228929e-07	9.205746e-07	1.499150e-01	-1.354284e-06
1.017451217081039e-07	1.098653e-05	1.499731e-01	-2.676212e-06
1.017539636153269e-07	1.486323e-05	1.499999e-01	3.829133e-07
1.017610811664834e-07	1.592151e-05	1.500143e-01	5.336013e-06
1.017689224105299e-07	1.498935e-05	1.500223e-01	1.198972e-05
1.017766892363917e-07	1.224152e-05	1.500220e-01	1.838512e-05
1.017887403877548e-07	6.183370e-06	1.500100e-01	2.551588e-05
1.018022258060880e-07	1.187320e-07	1.499890e-01	2.696762e-05
1.018213887557653e-07	-2.934061e-06	1.499613e-01	1.811915e-05
1.018446968451254e-07	1.848678e-06	1.499439e-01	5.714723e-07
1.018637412225085e-07	8.475117e-06	1.499435e-01	-9.315934e-06
1.018865770217825e-07	1.153720e-05	1.499487e-01	-8.299623e-06
1.019080739664239e-07	6.277430e-06	1.499500e-01	8.605905e-07
1.019351443522597e-07	-5.602338e-06	1.499505e-01	1.157233e-05
1.019479697746658e-07	-9.427024e-06	1.499556e-01	1.203017e-05
1.019600714950764e-07	-9.210238e-06	1.499676e-01	8.166006e-06
1.019745342595113e-07	-4.941752e-06	1.499882e-01	2.066173e-06
1.019901499643606e-07	1.652611e-06	1.500112e-01	-2.553997e-06
1.020050498386063e-07	7.244207e-06	1.500280e-01	-3.153528e-06
1.020145976078839e-07	9.015142e-06	1.500324e-01	-1.011255e-06
1.020257750613124e-07	8.507153e-06	1.500293e-01	3.270037e-06
1.020372721421496e-07	5.866727e-06	1.500190e-01	7.462328e-06
1.020524674367497e-07	1.202395e-06	1.499999e-01	1.013221e-05
1.020699411216515e-07	-2.800267e-06	1.499794e-01	8.129820e-06
1.020853923611993e-07	-3.501664e-06	1.499680e-01	2.463700e-06
1.020973532637843e-07	-1.767529e-06	1.499662e-01	-3.031275e-06
1.021091861441329e-07	1.144416e-06	1.499699e-01	-7.331994e-06
1.021217116549908e-07	3.952972e-06	1.499767e-01	-9.064621e-06
1.021351828300120e-07	5.076537e-06	1.499836e-01	-7.221127e-06
1.021551030145972e-07	3.070327e-06	1.499901e-01	-6.867661e-07
1.021717957895340e-07	-5.870266e-07	1.499923e-01	4.633306e-06
1.021905906135532e-07	-4.131864e-06	1.499946e-01	6.948015e-06
1.022107746301948e-07	-4.538888e-06	1.500004e-01	4.577957e-06
1.022284146121810e-07	-1.748934e-06	1.500081e-01	5.419901e-07
1.022477568385480e-07	2.749804e-06	1.500159e-01	-2.783310e-06
1.022592644187880e-07	4.716091e-06	1.500175e-01	-2.916457e-06
1.022712779374468e-07	5.114277e-06	1.500147e-01	-1.262833e-06
1.022861839599398e-07	3.592699e-06	1.500065e-01	1.552236e-06
1.023015258890187e-07	9.232268e-07	1.499960e-01	3.419794e-06
1.023212784999036e-07	-2.246428e-06	1.499841e-01	3.186912e-06
1.023314651423188e-07	-2.986258e-06	1.499808e-01	1.693421e-06
1.023415062266144e-07	-2.626155e-06	1.499810e-01	-5.648051e-07
1.023534655143200e-07	-1.294410e-06	1.499844e-01	-3.042720e-06
1.023667876768980e-07	5.243899e-07	1.499903e-01	-4.549536e-06
1.023818213607556e-07	1.838494e-06	1.499970e-01	-3.993403e-06
1.024034838267566e-07	1.668707e-06	1.500032e-01	-4.774019e-07
1.024194020103096e-07	2.024145e-07	1.500045e-01	2.483798e-06
1.024364964228497e-07	-1.662848e-06	1.500039e-01	4.175206e-06
1.024545978234816e-07	-2.247834e-06	1.500036e-01	3.373050e-06
1.024808924189821e-07	-5.846604e-07	1.500048e-01	1.730919e-07
1.025090231005081e-07	2.119583e-06	1.500056e-01	-2.179768e-06
1.025241178018881e-07	2.749245e-06	1.500040e-01	-1.831419e-06
1.025391979371350e-07	1.994678e-06	1.500002e-01	-3.479216e-07
1.025593799530383e-07	4.731372e-08	1.499945e-01	1.179594e-06
1.025820953310089e-07	-1.715804e-06	1.499910e-01	1.156758e-06
1.025965833450071e-07	-1.869669e-06	1.499918e-01	7.116000e-08
1.026108182765197e-07	-1.065281e-06	1.499953e-01	-1.248305e-06
1.026278883396293e-07	2.275830e-07	1.500005e-01	-1.922331e-06
1.026479002692426e-07	1.198759e-06	1.500053e-01	-1.162028e-06
1.026615872135418e-07	1.113628e-06	1.500066e-01	1.396645e-07
1.026763181373954e-07	3.514030e-07	1.500057e-01	1.539730e-06
1.026957744572815e-07	-6.989029e-07	1.500034e-01	2.215841e-06
1.027162866611258e-07	-9.676747e-07	1.500014e-01	1.343940e-06
1.027405124514836e-07	-1.507296e-07	1.500007e-01	-4.068480e-07
1.027716194651432e-07	9.176722e-07	1.500003e-01	-1.262698e-06
1.028028890674207e-07	6.473863e-07	1.499991e-01	-4.511286e-07
1.028510158210863e-07	-9.514306e-07	1.499978e-01	7.280171e-07
1.028728105275573e-07	-9.887239e-07	1.499993e-01	2.520628e-07
1.028938306724026e-07	-1.924713e-07	1.500022e-01	-5.393995e-07
1.029193082001782e-07	7.723714e-07	1.500048e-01	-5.931601e-07
1.029354063943100e-07	8.506480e-07	1.500047e-01	2.103703e-09
1.029530523729939e-07	3.544110e-07	1.500029e-01	7.528008e-07
1.029755464502347e-07	-3.025667e-07	1.500003e-01	8.970275e-07
1.030036577956535e-07	-4.117055e-07	1.499987e-01	-2.304351e-08
1.030256711885697e-07	2.474135e-08	1.499991e-01	-7.710104e-07
1.030548191167030e-07	4.621964e-07	1.500003e-01	-7.280935e-07
1.030836094635644e-07	1.843583e-07	1.500006e-01	3.694957e-08
1.031242722564140e-07	-3.748893e-07	1.500007e-01	4.901927e-07
1.031659602049770e-07	-1.522703e-07	1.500015e-01	2.670498e-08
1.032197949714003e-07	4.116571e-07	1.500016e-01	-1.716014e-07
1.032491945298597e-07	2.090131e-07	1.500005e-01	1.163011e-07
1.032937325146411e-07	-3.200504e-07	1.499992e-01	1.141302e-07
1.033248093434362e-07	-1.436594e-07	1.500001e-01	-2.913832e-07
1.033567232115926e-07	2.206317e-07	1.500016e-01	-3.173001e-07
1.033896906980152e-07	1.253530e-07	1.500017e-01	2.209156e-07
1.034195290247689e-07	-1.689287e-07	1.500010e-01	4.353213e-07
1.034546589685557e-07	-1.409306e-07	1.500006e-01	2.635957e-08
1.034929518103835e-07	1.485216e-07	1.500007e-01	-2.964209e-07
1.035380263552602e-07	1.405851e-07	1.500007e-01	-1.054379e-07
1.036169336853923e-07	-1.095436e-07	1.500007e-01	6.176543e-08
1.036782470100391e-07	4.293426e-08	1.500012e-01	-8.271034e-08
1.037428954844253e-07	5.544137e-08	1.500008e-01	6.736164e-08
1.037921368122886e-07	-1.062256e-07	1.500003e-01	9.663842e-08
1.038456899362392e-07	-7.626185e-09	1.500007e-01	-1.241863e-07
1.038972483256583e-07	8.679178e-08	1.500011e-01	-2.433613e-08
1.039497847387278e-07	-4.847526e-08	1.500008e-01	1.414322e-07
1.040062215834063e-07	-3.208980e-08	1.500006e-01	-3.642172e-08
1.040673479437791e-07	6.924015e-08	1.500008e-01	-8.129310e-08
1.041318387373496e-07	1.168634e-08	1.500008e-01	4.679781e-08
1.042608203244906e-07	-7.842967e-09	1.500008e-01	-3.493199e-09
1.044073046994906e-07	9.288436e-09	1.500008e-01	4.998171e-10
1.045537890744906e-07	-1.474425e-08	1.500008e-01	3.923618e-09
1.046957112527643e-07	1.856318e-08	1.500008e-01	-7.057026e-09
1.048248076232230e-07	-8.768625e-09	1.500007e-01	1.718034e-08
1.049712919982230e-07	4.325470e-09	1.500008e-01	-1.396671e-08
1.051177763732230e-07	-6.380256e-09	1.500008e-01	2.145458e-08
1.052401584792694e-07	-1.152416e-08	1.500007e-01	-7.544005e-09
1.053650147293508e-07	1.380158e-08	1.500008e-01	-1.636281e-09
1.054845911296100e-07	-1.096206e-08	1.500008e-01	2.392053e-08
1.056310755046100e-07	7.877965e-09	1.500008e-01	-1.634175e-08
1.057775598796100e-07	-4.038263e-09	1.500008e-01	1.503377e-08
1.059240442546100e-07	-9.307306e-10	1.500008e-01	-9.313575e-09
1.060705286296100e-07	5.968985e-09	1.500008e-01	1.519507e-09
1.062170130046100e-07	-9.650167e-09	1.500008e-01	5.656649e-09
1.063634973796100e-07	1.074986e-08	1.500008e-01	-1.032655e-08
1.065099817546100e-07	-8.841178e-09	1.500008e-01	1.187615e-08
1.066564661296100e-07	4.541677e-09	1.500008e-01	-1.069715e-08
1.068029505046100e-07	7.387386e-10	1.500008e-01	7.586220e-09
1.069494348796100e-07	-5.392375e-09	1.500008e-01	-3.305489e-09
1.070959192546100e-07	8.215906e-09	1.500008e-01	-1.474212e-09
1.072424036296100e-07	-8.733821e-09	1.500008e-01	5.991743e-09
1.073888880046100e-07	7.164269e-09	1.500008e-01	-9.297676e-09
1.075353723796100e-07	-4.156112e-09	1.500008e-01	1.044935e-08
1.076818567546100e-07	5.036487e-10	1.500008e-01	-8.930629e-09
1.078283411296100e-07	3.026601e-09	1.500008e-01	5.015019e-09
1.079748255046100e-07	-5.758024e-09	1.500008e-01	2.027858e-10
1.081213098796100e-07	7.143555e-09	1.500008e-01	-5.173862e-09
1.082677942546101e-07	-6.856324e-09	1.500008e-01	8.478914e-09
1.084142786296101e-07	4.918400e-09	1.500008e-01	-9.327870e-09
1.085607630046101e-07	-1.778201e-09	1.500008e-01	7.748650e-09
1.087072473796101e-07	-1.754532e-09	1.500008e-01	-4.434645e-09
1.088537317546101e-07	4.732328e-09	1.500008e-01	3.978116e-10
1.090002161296101e-07	-6.371618e-09	1.500008e-01	3.370880e-09
1.091467005046101e-07	6.301184e-09	1.500008e-01	-6.106539e-09
1.092931848796101e-07	-4.652907e-09	1.500008e-01	7.337345e-09
1.094396692546101e-07	1.972661e-09	1.500008e-01	-6.888566e-09
1.095861536296101e-07	9.875247e-10	1.500008e-01	4.890101e-09
1.097326380046101e-07	-3.497648e-09	1.500008e-01	-1.788109e-09
1.098791223796101e-07	5.019386e-09	1.500008e-01	-1.693834e-09
1.100256067546101e-07	-5.288925e-09	1.500008e-01	4.694435e-09
1.101720911296101e-07	4.328005e-09	1.500008e-01	-6.444429e-09
1.103185755046101e-07	-2.411353e-09	1.500008e-01	6.506182e-09
1.104650598796101e-07	5.911049e-12	1.500008e-01	-4.917672e-09
1.106115442546101e-07	2.318963e-09	1.500008e-01	2.173334e-09
1.107580286296101e-07	-4.011620e-09	1.500008e-01	9.484116e-10
1.109045130046101e-07	4.671776e-09	1.500008e-01	-3.633710e-09
1.110509973796101e-07	-4.160103e-09	1.500008e-01	5.259009e-09
1.111974817546101e-07	2.641434e-09	1.500008e-01	-5.524081e-09
1.113439661296101e-07	-5.386114e-10	1.500008e-01	4.475647e-09
1.114904505046101e-07	-1.591208e-09	1.500008e-01	-2.447703e-09
1.116369348796101e-07	3.215067e-09	1.500008e-01	-4.119372e-11
1.117834192546101e-07	-3.964015e-09	1.500008e-01	2.404654e-09
1.119299036296101e-07	3.713398e-09	1.500008e-01	-4.105940e-09
1.120763880046101e-07	-2.589578e-09	1.500008e-01	4.768079e-09
1.122228723796101e-07	9.145302e-10	1.500008e-01	-4.260463e-09
1.123693567546102e-07	8.861618e-10	1.500008e-01	2.736682e-09
1.125158411296102e-07	-2.385761e-09	1.500008e-01	-6.019172e-10
1.126623255046102e-07	3.249014e-09	1.500008e-01	-1.591400e-09
1.128088098796102e-07	-3.300983e-09	1.500008e-01	3.292871e-09
1.129552942546102e-07	2.561386e-09	1.500008e-01	-4.101719e-09
1.131017786296102e-07	-1.236732e-09	1.500008e-01	3.865788e-09
1.132482630046102e-07	-3.311297e-10	1.500008e-01	-2.704479e-09
1.133947473796102e-07	1.750779e-09	1.500008e-01	9.566916e-10
1.135412317546102e-07	-2.680505e-09	1.500008e-01	9.218208e-10
1.136877161296102e-07	2.913844e-09	1.500008e-01	-2.477169e-09
1.138342005046102e-07	-2.427063e-09	1.500008e-01	3.361574e-09
1.139806848796102e-07	1.376173e-09	1.500008e-01	-3.403358e-09
1.141271692546102e-07	-4.719447e-11	1.500008e-01	2.634043e-09
1.142736536296102e-07	-1.223191e-09	1.500008e-01	-1.271588e-09
1.144201380046102e-07	2.133010e-09	1.500008e-01	-3.354330e-10
1.145666223796102e-07	-2.484634e-09	1.500008e-01	1.792141e-09
1.147131067546102e-07	2.224132e-09	1.500008e-01	-2.752578e-09
1.148595911296102e-07	-1.444781e-09	1.500008e-01	3.003312e-09
1.150060755046102e-07	3.572918e-10	1.500008e-01	-2.513273e-09
1.151525598796102e-07	7.646972e-10	1.500008e-01	1.435753e-09
1.152990442546102e-07	-1.651195e-09	1.500008e-01	-6.232881e-11
1.154455286296102e-07	2.099579e-09	1.500008e-01	-1.257191e-09
1.155920130046102e-07	-2.020874e-09	1.500008e-01	2.205252e-09
1.157384973796102e-07	1.457455e-09	1.500008e-01	-2.572759e-09
1.158849817546102e-07	-5.679578e-10	1.500008e-01	2.302777e-09
1.160314661296102e-07	-4.164187e-10	1.500008e-01	-1.494151e-09
1.161779505046102e-07	1.252154e-09	1.500008e-01	3.681997e-10
1.163244348796102e-07	-1.744023e-09	1.500008e-01	7.904557e-10
1.164709192546103e-07	1.790453e-09	1.500008e-01	-1.703789e-09
1.166174036296103e-07	-1.403080e-09	1.500008e-01	2.165068e-09
1.167638880046103e-07	6.974634e-10	1.500008e-01	-2.084422e-09
1.169103723796103e-07	1.406287e-10	1.500008e-01	1.505595e-09
1.170568567546103e-07	-9.034924e-10	1.500008e-01	-5.904756e-10
1.172033411296103e-07	1.412009e-09	1.500008e-01	-4.244862e-10
1.173498255046103e-07	-1.556653e-09	1.500008e-01	1.288841e-09
1.174963098796103e-07	1.320096e-09	1.500008e-01	-1.800123e-09
1.176427942546103e-07	-7.771270e-10	1.500008e-01	1.851416e-09
1.177892786296103e-07	7.271717e-11	1.500008e-01	-1.452978e-09
1.179357630046103e-07	6.158098e-10	1.500008e-01	7.236852e-10
1.180822473796103e-07	-1.122992e-09	1.500008e-01	1.437244e-10
1.182287317546103e-07	1.334838e-09	1.500008e-01	-9.333404e-10
1.183752161296103e-07	-1.214236e-09	1.500008e-01	1.459256e-09
1.185217005046103e-07	8.064123e-10	1.500008e-01	-1.608384e-09
1.186681848796103e-07	-2.239459e-10	1.500008e-01	1.363548e-09
1.188146692546103e-07	-3.839380e-10	1.500008e-01	-8.026855e-10
1.189611536296103e-07	8.693838e-10	1.500008e-01	7.567014e-11
1.191076380046103e-07	-1.121528e-09	1.500008e-01	6.348100e-10
1.192541223796103e-07	1.091251e-09	1.500008e-01	-1.158477e-09
1.194006067546103e-07	-7.997735e-10	1.500008e-01	1.377875e-09
1.195470911296103e-07	3.299899e-10	1.500008e-01	-1.254397e-09
1.196935755046103e-07	1.964463e-10	1.500008e-01	8.341402e-10
1.198400598796103e-07	-6.501478e-10	1.500008e-01	-2.328592e-10
1.199865442546103e-07	9.253904e-10	1.500008e-01	-3.954174e-10
1.201330286296103e-07	-9.644017e-10	1.500008e-01	8.976372e-10
1.202795130046103e-07	7.690630e-10	1.500008e-01	-1.158787e-09
1.204259973796103e-07	-3.976919e-10	1.500008e-01	1.127799e-09
1.205724817546104e-07	-5.165704e-11	1.500008e-01	-8.265918e-10
1.207189661296104e-07	4.667842e-10	1.500008e-01	3.410490e-10
1.208654505046104e-07	-7.491664e-10	1.500008e-01	2.028926e-10
1.210119348796104e-07	8.371379e-10	1.500008e-01	-6.714835e-10
1.211584192546104e-07	-7.189846e-10	1.500008e-01	9.556242e-10
1.213049036296104e-07	4.332978e-10	1.500008e-01	-9.958412e-10
1.214513880046104e-07	-5.714695e-11	1.500008e-01	7.941896e-10
1.215978723796104e-07	-3.144103e-10	1.500008e-01	-4.108643e-10
1.217443567546104e-07	5.921055e-10	1.500008e-01	-5.301795e-11
1.218908411296104e-07	-7.136396e-10	1.500008e-01	4.817153e-10
1.220373255046104e-07	6.573371e-10	1.500008e-01	-7.734999e-10
1.221838098796104e-07	-4.453823e-10	1.500008e-01	8.645837e-10
1.223302942546104e-07	1.363690e-10	1.500008e-01	-7.427265e-10
1.224767786296104e-07	1.905458e-10	1.500008e-01	4.476995e-10
1.226232630046104e-07	-4.556941e-10	1.500008e-01	-5.911993e-11
1.227697473796104e-07	5.981307e-10	1.500008e-01	-3.247395e-10
1.229162317546104e-07	-5.894432e-10	1.500008e-01	6.115862e-10
1.232092005046104e-07	-1.901159e-10	1.500008e-01	6.787886e-10
1.233556848796104e-07	-9.253900e-11	1.500008e-01	-4.598062e-10
1.235021692546104e-07	3.391117e-10	1.500008e-01	1.406752e-10
1.236486536296104e-07	-4.919178e-10	1.500008e-01	1.968556e-10
1.240881067546104e-07	2.234553e-10	1.500008e-01	-6.085610e-10
1.242345911296104e-07	1.657921e-11	1.500008e-01	4.532732e-10
1.243810755046104e-07	-2.409375e-10	1.500008e-01	-1.962404e-10
1.245275598796104e-07	3.963138e-10	1.500008e-01	-9.561260e-11
1.251134973796105e-07	4.027156e-11	1.500008e-01	-4.327160e-10
1.252599817546105e-07	-4.501355e-10	1.500008e-01	1.249779e-09
1.253535156250000e-07	-9.707960e-10	1.500008e-01	1.163466e-09
1.255000000000000e-07	6.186430e-09	1.500008e-01	-5.027879e-09
1.255035190714211e-07	-1.254813e-07	1.500008e-01	-3.431834e-09
1.255105572142634e-07	-2.029674e-06	1.500006e-01	2.335658e-08
1.255246334999480e-07	-1.283766e-05	1.499994e-01	2.048554e-07
1.255315994998106e-07	-2.562135e-05	1.499972e-01	5.317129e-07
1.255408382014105e-07	-5.549442e-05	1.499901e-01	1.586252e-06
1.255468504081012e-07	-8.306984e-05	1.499807e-01	2.990833e-06
1.255527705372000e-07	-1.176524e-04	1.499634e-01	5.567636e-06
1.255594577615274e-07	-1.625376e-04	1.499297e-01	1.056593e-05
1.255667459838343e-07	-2.152841e-04	1.498677e-01	1.963094e-05
1.255749506033813e-07	-2.759987e-04	1.497530e-01	3.603753e-05
1.255841803446198e-07	-3.435564e-04	1.495478e-01	6.445498e-05
1.255949143671643e-07	-4.218554e-04	1.491831e-01	1.126404e-04
1.256076325263209e-07	-5.183794e-04	1.485562e-01	1.901765e-04
1.256234535286837e-07	-6.441381e-04	1.475047e-01	3.093744e-04
1.256445444846388e-07	-7.989644e-04	1.458183e-01	4.844086e-04
1.256708591370021e-07	-9.290884e-04	1.436207e-01	7.044692e-04
1.257019846181787e-07	-9.781711e-04	1.411775e-01	9.634603e-04
1.257338519927803e-07	-9.442192e-04	1.387540e-01	1.225170e-03
1.257637841970230e-07	-8.747251e-04	1.360914e-01	1.413460e-03
1.258007030215401e-07	-7.748849e-04	1.317724e-01	1.461426e-03
1.258398145703771e-07	-6.739547e-04	1.259468e-01	1.276279e-03
1.258715230779192e-07	-6.293180e-04	1.203031e-01	1.005593e-03
1.259022597283138e-07	-6.586068e-04	1.141510e-01	7.244157e-04
1.259285271086847e-07	-7.440858e-04	1.085376e-01	5.017404e-04
1.259591979788314e-07	-8.702691e-04	1.018076e-01	2.492319e-04
1.259718694878430e-07	-9.159349e-04	9.901980e-02	1.434418e-04
1.259746569819768e-07	-9.236428e-04	9.840798e-02	1.202133e-04
1.259802319702445e-07	-9.359968e-04	9.718443e-02	7.512920e-05
1.259888500234647e-07	-9.523698e-04	9.528362e-02	9.398727e-06
1.260000000000000e-07	-9.712821e-04	9.280852e-02	-7.037023e-05
1.260033449929606e-07	-9.766573e-04	9.205338e-02	-9.130026e-05
1.260078049835747e-07	-9.839570e-04	9.103455e-02	-1.174168e-04
1.260167249648029e-07	-9.960058e-04	8.894724e-02	-1.651014e-04
1.260345649272594e-07	-9.967497e-04	8.460992e-02	-2.584600e-04
1.260615059534870e-07	-9.330880e-04	7.786377e-02	-4.343467e-04
1.260926069892872e-07	-7.887643e-04	7.022367e-02	-7.295720e-04
1.261247481285906e-07	-6.093900e-04	6.294850e-02	-1.130193e-03
1.261504871348685e-07	-4.884220e-04	5.770519e-02	-1.467390e-03
1.261847300773840e-07	-4.175721e-04	5.104648e-02	-1.864631e-03
1.262158976721731e-07	-4.616022e-04	4.482109e-02	-2.180004e-03
1.262486926095542e-07	-5.725435e-04	3.822222e-02	-2.477349e-03
1.262861520126527e-07	-6.933920e-04	3.131797e-02	-2.689112e-03
1.263335451007705e-07	-8.264428e-04	2.407199e-02	-2.642085e-03
1.263835057284331e-07	-9.163421e-04	1.813028e-02	-2.307025e-03
1.264306547931993e-07	-8.768897e-04	1.386616e-02	-1.915529e-03
1.264677414549070e-07	-7.516414e-04	1.118328e-02	-1.632218e-03
1.265008208936075e-07	-6.347305e-04	9.024182e-03	-1.389502e-03
1.265351577308751e-07	-5.608720e-04	6.894785e-03	-1.157113e-03
1.265639490443671e-07	-5.145866e-04	5.402007e-03	-1.007434e-03
1.265954392322400e-07	-4.437262e-04	4.300333e-03	-8.722594e-04
1.266277156034837e-07	-3.611765e-04	3.625385e-03	-7.092498e-04
1.266573598586692e-07	-3.082876e-04	3.162423e-03	-5.380375e-04
1.266875714881737e-07	-2.741016e-04	2.664754e-03	-3.946976e-04
1.267105941074923e-07	-2.377134e-04	2.266893e-03	-3.403195e-04
1.267340152599331e-07	-1.835264e-04	1.895641e-03	-3.240327e-04
1.267587543448644e-07	-1.272660e-04	1.549495e-03	-3.054969e-04
1.267752123173770e-07	-1.048936e-04	1.331831e-03	-2.766489e-04
1.267908074256975e-07	-1.021587e-04	1.128857e-03	-2.369921e-04
1.268082839042301e-07	-1.122518e-04	9.163136e-04	-1.934793e-04
1.268221615949148e-07	-1.213650e-04	7.803985e-04	-1.688315e-04
1.268362151494429e-07	-1.224631e-04	6.970426e-04	-1.567132e-04
1.268536689607079e-07	-1.086463e-04	6.666904e-04	-1.509152e-04
1.268714638870781e-07	-8.343974e-05	6.906582e-04	-1.429639e-04
1.268864062081015e-07	-6.125293e-05	7.257207e-04	-1.270202e-04
1.268994666079547e-07	-4.783040e-05	7.407146e-04	-1.039583e-04
1.269126015766998e-07	-4.288406e-05	7.227965e-04	-7.653407e-05
1.269267068293345e-07	-4.469165e-05	6.655959e-04	-5.069358e-05
1.269411688809560e-07	-4.903451e-05	5.784755e-04	-3.499382e-05
1.269539333589804e-07	-5.029426e-05	4.922660e-04	-3.379407e-05
1.269679543096063e-07	-4.545539e-05	4.049284e-04	-4.433237e-05
1.269828078103689e-07	-3.395521e-05	3.333664e-04	-5.994117e-05
1.270026144169497e-07	-1.531955e-05	2.661445e-04	-7.536661e-05
1.270141596412964e-07	-6.548307e-06	2.374175e-04	-7.679107e-05
1.270221679562291e-07	-3.596325e-06	2.204388e-04	-7.218691e-05
1.270296163059126e-07	-4.041480e-06	2.043822e-04	-6.437102e-05
1.270384872270596e-07	-7.987811e-06	1.844481e-04	-5.278081e-05
1.270491219569333e-07	-1.573282e-05	1.607208e-04	-3.844714e-05
1.270584184984097e-07	-2.356552e-05	1.425010e-04	-2.773439e-05
1.270686848432062e-07	-3.126049e-05	1.284223e-04	-1.981411e-05
1.270785897797139e-07	-3.578658e-05	1.236488e-04	-1.677347e-05
1.270892326226097e-07	-3.600035e-05	1.303307e-04	-1.812612e-05
1.271025875855372e-07	-3.045135e-05	1.521171e-04	-2.324904e-05
1.271126875441505e-07	-2.299924e-05	1.750657e-04	-2.726107e-05
1.271226854953415e-07	-1.428940e-05	1.987163e-04	-2.912084e-05
1.271339528712546e-07	-5.391081e-06	2.198352e-04	-2.748001e-05
1.271432759454394e-07	-1.039712e-07	2.290316e-04	-2.302475e-05
1.271512518072067e-07	2.003289e-06	2.278484e-04	-1.722166e-05
1.271605540155836e-07	1.603488e-06	2.155152e-04	-9.600903e-06
1.271711857305865e-07	-1.457815e-06	1.904371e-04	-1.755702e-06
1.271806580489315e-07	-5.519014e-06	1.609537e-04	3.021069e-06
1.271889865855878e-07	-9.080987e-06	1.321877e-04	4.208052e-06
1.271999683203701e-07	-1.234714e-05	9.541803e-05	1.510901e-06
1.272098665428969e-07	-1.320131e-05	6.687165e-05	-4.142835e-06
1.272186247590090e-07	-1.191377e-05	4.756140e-05	-1.097992e-05
1.272268411881027e-07	-9.149328e-06	3.545523e-05	-1.771793e-05
1.272355942281370e-07	-5.246563e-06	2.840694e-05	-2.384851e-05
1.272449184170865e-07	-9.641207e-07	2.577775e-05	-2.812022e-05
1.272534592507544e-07	2.244301e-06	2.626556e-05	-2.929009e-05
1.272620489247068e-07	4.013762e-06	2.798713e-05	-2.748932e-05
1.272719059067563e-07	3.900082e-06	2.974816e-05	-2.248514e-05
1.272816796665980e-07	1.570356e-06	3.035840e-05	-1.565678e-05
1.272941406691049e-07	-3.504135e-06	2.981978e-05	-6.561188e-06
1.273056305572006e-07	-8.785519e-06	2.932288e-05	2.635367e-07
1.273147785196011e-07	-1.229623e-05	3.030532e-05	3.357118e-06
1.273248625878597e-07	-1.434081e-05	3.416555e-05	3.848480e-06
1.273354516225042e-07	-1.392209e-05	4.169171e-05	1.769990e-06
1.273484275940927e-07	-1.032834e-05	5.428598e-05	-2.570336e-06
1.273611009593672e-07	-4.886877e-06	6.721424e-05	-6.602010e-06
1.273725166116374e-07	3.385690e-07	7.642865e-05	-8.608928e-06
1.273819416147197e-07	3.755326e-06	7.978428e-05	-8.352659e-06
1.273917818734091e-07	5.626526e-06	7.751459e-05	-6.261339e-06
1.274024105710925e-07	5.586995e-06	6.869229e-05	-2.820245e-06
1.274127861314316e-07	3.771911e-06	5.472814e-05	6.381692e-07
1.274237692250358e-07	7.094704e-07	3.646145e-05	3.228448e-06
1.274343729803289e-07	-2.373667e-06	1.831029e-05	3.873256e-06
1.274443846670480e-07	-4.501398e-06	3.472948e-06	2.418410e-06
1.274563324652389e-07	-5.430676e-06	-9.051842e-06	-1.332628e-06
1.274672547541178e-07	-4.685494e-06	-1.468253e-05	-5.615756e-06
1.274780994436089e-07	-2.725787e-06	-1.470511e-05	-9.524412e-06
1.274886708313313e-07	-4.051839e-07	-1.074045e-05	-1.183178e-05
1.275004933900350e-07	1.669813e-06	-4.021827e-06	-1.191608e-05
1.275131236062598e-07	2.508398e-06	3.223409e-06	-9.311095e-06
1.275247207052732e-07	1.679601e-06	8.329685e-06	-5.172907e-06
1.275380926512708e-07	-7.355345e-07	1.184338e-05	2.199889e-08
1.275518630014143e-07	-3.689141e-06	1.378318e-05	4.122815e-06
1.275629643335094e-07	-5.517974e-06	1.507688e-05	5.543929e-06
1.275740695691567e-07	-6.064481e-06	1.706414e-05	4.904428e-06
1.275869369716108e-07	-5.010590e-06	2.047220e-05	2.454916e-06
1.275977159716876e-07	-2.970434e-06	2.373965e-05	-1.377868e-07
1.276099592363189e-07	-3.989562e-08	2.670257e-05	-2.628016e-06
1.276220022854640e-07	2.515285e-06	2.742936e-05	-3.810675e-06
1.276338853216763e-07	3.931587e-06	2.482064e-05	-3.444668e-06
1.276474619228739e-07	3.846788e-06	1.779356e-05	-1.711549e-06
1.276612009035567e-07	2.256474e-06	7.747546e-06	3.728647e-07
1.276740950763607e-07	9.963448e-08	-2.165368e-06	1.541102e-06
1.276896638870886e-07	-2.109359e-06	-1.150872e-05	1.206301e-06
1.277038896644194e-07	-2.953309e-06	-1.554332e-05	-5.694638e-07
1.277163998311577e-07	-2.479064e-06	-1.457227e-05	-2.693917e-06
1.277299596005500e-07	-1.088056e-06	-9.742295e-06	-4.504681e-06
1.277429174701870e-07	3.455445e-07	-3.445987e-06	-4.949160e-06
1.277562450053577e-07	1.241509e-06	2.775347e-06	-3.821639e-06
1.277693315960329e-07	1.180267e-06	7.158685e-06	-1.549021e-06
1.277823867204808e-07	2.613311e-07	9.277403e-06	1.038014e-06
1.277962464541813e-07	-1.075888e-06	9.559679e-06	3.033498e-06
1.278124538178824e-07	-2.158886e-06	8.851073e-06	3.585940e-06
1.278294204343591e-07	-2.122089e-06	8.253590e-06	2.277195e-06
1.278433059036212e-07	-1.086281e-06	8.197121e-06	3.586451e-07
1.278581444244480e-07	5.521150e-07	8.046954e-06	-1.504133e-06
1.278728465164622e-07	1.882701e-06	6.837448e-06	-2.322349e-06
1.278877510605778e-07	2.312097e-06	3.909490e-06	-1.918645e-06
1.279032005805840e-07	1.640080e-06	-5.981097e-07	-7.192925e-07
1.279196341706739e-07	1.892848e-07	-5.548552e-06	4.550650e-07
1.279360594308998e-07	-1.187832e-06	-8.788687e-06	7.705158e-07
1.279515250809066e-07	-1.761284e-06	-8.970191e-06	1.262900e-07
1.279667875366445e-07	-1.418220e-06	-6.230645e-06	-9.375592e-07
1.279838239222590e-07	-4.180617e-07	-1.280441e-06	-1.711780e-06
1.280018019518343e-07	5.240336e-07	3.685400e-06	-1.439779e-06
1.280195992650853e-07	7.522710e-07	6.482408e-06	-1.730553e-07
1.280368391488410e-07	2.463802e-07	6.568544e-06	1.246180e-06
1.280552448948402e-07	-5.163245e-07	4.784644e-06	1.954563e-06
1.280751240888788e-07	-8.542315e-07	2.507678e-06	1.391404e-06
1.280924463258617e-07	-4.517078e-07	1.196651e-06	1.378916e-07
1.281118507506719e-07	4.484268e-07	4.414190e-07	-1.156230e-06
1.281298878654521e-07	1.036168e-06	-3.360678e-07	-1.492665e-06
1.281490338713328e-07	9.295672e-07	-1.734605e-06	-8.763591e-07
1.281672014097152e-07	2.125833e-07	-3.235752e-06	2.076802e-08
1.281871462628187e-07	-6.268507e-07	-3.869834e-06	5.274337e-07
1.282110062705555e-07	-9.259858e-07	-2.377474e-06	2.262363e-07
1.282327750139408e-07	-4.398324e-07	5.427748e-07	-3.468548e-07
1.282564584378795e-07	3.066829e-07	3.411355e-06	-4.638805e-07
1.282798869690296e-07	5.343493e-07	4.063667e-06	1.329105e-07
1.283012969340083e-07	1.867214e-07	2.545513e-06	7.436031e-07
1.283245776913805e-07	-2.512569e-07	1.801667e-07	7.203508e-07
1.283511679882314e-07	-2.272709e-07	-1.392820e-06	-8.570888e-08
1.283770359490197e-07	2.009462e-07	-1.455839e-06	-7.947910e-07
1.284010575261233e-07	4.380076e-07	-1.006972e-06	-7.185952e-07
1.284221022341338e-07	2.055413e-07	-8.549143e-07	-1.169657e-07
1.284453616066531e-07	-2.840587e-07	-7.585369e-07	4.449978e-07
1.284701894629941e-07	-4.990315e-07	-7.901035e-08	4.240173e-07
1.284953895641689e-07	-2.058859e-07	1.122622e-06	6.629637e-09
1.285240233385936e-07	2.676625e-07	1.892486e-06	-2.179543e-07
1.285534406353959e-07	3.169226e-07	1.099445e-06	2.714237e-08
1.285856119105445e-07	-4.279560e-08	-7.007135e-07	2.483571e-07
1.286162721401241e-07	-2.193302e-07	-1.535775e-06	-1.673000e-08
1.286447481498029e-07	-4.344050e-08	-9.357533e-07	-3.419275e-07
1.286789225849262e-07	1.352291e-07	1.844155e-07	-2.112804e-07
1.287148283965154e-07	-3.093677e-08	5.360374e-07	2.463612e-07
1.287473999523760e-07	-1.823609e-07	3.857089e-07	3.021694e-07
1.287828854366096e-07	-2.229343e-08	3.374096e-07	-4.489340e-08
1.288218659376997e-07	1.918770e-07	1.330122e-07	-1.920977e-07
1.288579039573879e-07	6.712114e-08	-4.427336e-07	1.265530e-08
1.288963907781045e-07	-1.498555e-07	-6.767424e-07	9.381984e-08
1.289359454109206e-07	-7.487799e-08	-2.369108e-08	-6.122212e-08
1.289808024749394e-07	8.818903e-08	5.898390e-07	-4.213134e-08
1.290282578119514e-07	1.007407e-08	1.973614e-07	1.198549e-07
1.290767467663012e-07	-5.686126e-08	-3.185922e-07	6.418600e-09
1.291236021416561e-07	4.158002e-08	-1.827132e-07	-1.384850e-07
1.291724059796328e-07	2.675536e-08	3.290805e-08	1.951307e-08
1.292163013895601e-07	-7.482139e-08	3.926360e-08	1.195345e-07
1.292648525533057e-07	-1.384936e-08	1.482533e-07	-1.962017e-08
1.293153540540954e-07	7.435076e-08	1.060383e-07	-5.645335e-08
1.293671589216209e-07	-2.915883e-09	-1.728693e-07	3.322964e-08
1.294306146358269e-07	-3.746864e-08	-9.382526e-08	-8.376832e-09
1.294941499650204e-07	3.244633e-08	1.860690e-07	-2.568639e-08
1.295604374313716e-07	5.624040e-09	4.422098e-08	3.700180e-08
1.296398949611280e-07	-1.381756e-08	-1.015771e-07	-1.401202e-08
1.297243517720641e-07	1.749711e-08	4.295178e-08	-1.198913e-08
1.298017630230391e-07	-8.770582e-09	3.731175e-08	3.504302e-08
1.299031297351084e-07	5.015449e-09	-6.406396e-09	-1.804733e-08
1.300022362241383e-07	7.313905e-09	-1.236226e-08	4.192794e-11
1.301021203200572e-07	-1.523571e-08	-2.329563e-09	1.241170e-08
1.302024597733157e-07	9.326063e-09	3.116315e-08	-1.546749e-08
1.303269015701016e-07	-2.081005e-09	-2.478635e-08	7.115234e-09
1.304625389252144e-07	-3.195838e-09	6.563446e-09	-3.159725e-09
1.306090233002144e-07	4.390896e-09	7.348136e-09	2.228302e-09
1.307555076752145e-07	-5.926515e-09	-2.167504e-08	2.714065e-10
1.309019920502145e-07	5.738455e-09	2.458127e-08	-3.270771e-09
1.310484764252145e-07	-4.350237e-09	-1.617741e-08	6.059075e-09
1.311949608002145e-07	2.371152e-09	2.894094e-09	-7.505216e-09
1.313414451752145e-07	-2.216907e-10	7.588531e-09	6.752538e-09
1.314879295502145e-07	-1.854889e-09	-1.125250e-08	-3.825318e-09
1.316344139252145e-07	3.617289e-09	9.270265e-09	-2.834577e-10
1.317808983002145e-07	-4.711680e-09	-5.772250e-09	4.092004e-09
1.319273826752145e-07	4.754288e-09	4.116691e-09	-6.350288e-09
1.320738670502145e-07	-3.562437e-09	-4.564242e-09	6.558189e-09
1.322203514252145e-07	1.354414e-09	4.772042e-09	-5.024449e-09
1.323668358002145e-07	1.247713e-09	-2.275915e-09	2.529849e-09
1.325133201752145e-07	-3.441608e-09	-3.183551e-09	1.207034e-10
1.326598045502145e-07	4.572824e-09	9.231719e-09	-2.377335e-09
1.328062889252145e-07	-4.385114e-09	-1.248008e-08	3.961074e-09
1.329527733002145e-07	3.070960e-09	1.085909e-08	-4.725704e-09
1.330992576752145e-07	-1.127944e-09	-4.967751e-09	4.552698e-09
1.332457420502145e-07	-8.701617e-10	-2.389628e-09	-3.387023e-09
1.333922264252145e-07	2.460052e-09	7.983177e-09	1.371047e-09
1.335387108002145e-07	-3.366706e-09	-9.948597e-09	1.063511e-09
1.336851951752145e-07	3.489472e-09	8.470197e-09	-3.261594e-09
1.338316795502145e-07	-2.859840e-09	-5.140487e-09	4.568705e-09
1.339781639252145e-07	1.620703e-09	1.678552e-09	-4.596616e-09
1.341246483002145e-07	-2.805800e-11	1.027531e-09	3.381961e-09
1.342711326752145e-07	-1.562305e-09	-3.010492e-09	-1.355053e-09
1.344176170502145e-07	2.758371e-09	4.617444e-09	-8.510945e-10
1.345641014252145e-07	-3.242594e-09	-5.841759e-09	2.640563e-09
1.347105858002145e-07	2.884462e-09	6.154332e-09	-3.627755e-09
1.348570701752146e-07	-1.796429e-09	-4.923705e-09	3.690580e-09
1.350035545502146e-07	3.001097e-10	2.041704e-09	-2.926184e-09
1.351500389252146e-07	1.183974e-09	1.761153e-09	1.571486e-09
1.352965233002146e-07	-2.272963e-09	-5.166814e-09	6.132250e-11
1.354430076752146e-07	2.728024e-09	6.923278e-09	-1.625832e-09
1.355894920502146e-07	-2.497424e-09	-6.469520e-09	2.782103e-09
1.357359764252146e-07	1.697693e-09	4.153335e-09	-3.259036e-09
1.358824608002146e-07	-5.580393e-10	-9.602790e-10	2.931839e-09
1.360289451752146e-07	-6.438070e-10	-2.019251e-09	-1.879260e-09
1.361754295502146e-07	1.638371e-09	4.041981e-09	3.812222e-10
1.363219139252146e-07	-2.211570e-09	-4.862277e-09	1.156877e-09
1.364683983002146e-07	2.244056e-09	4.596986e-09	-2.328639e-09
1.366148826752146e-07	-1.739128e-09	-3.492901e-09	2.849859e-09
1.367613670502146e-07	8.284484e-10	1.789589e-09	-2.632635e-09
1.369078514252146e-07	2.546855e-10	2.617095e-10	1.788887e-09
1.370543358002146e-07	-1.234058e-09	-2.310294e-09	-5.745524e-10
1.372008201752146e-07	1.865898e-09	3.888047e-09	-6.943757e-10
1.373473045502146e-07	-2.005878e-09	-4.530404e-09	1.722211e-09
1.374937889252146e-07	1.644692e-09	3.982350e-09	-2.292377e-09
1.376402733002146e-07	-9.019233e-10	-2.356463e-09	2.301337e-09
1.377867576752146e-07	-1.593004e-11	1.314486e-10	-1.771137e-09
1.379332420502146e-07	8.758467e-10	2.021592e-09	8.422493e-10
1.380797264252146e-07	-1.477245e-09	-3.494158e-09	2.551833e-10
1.382262108002146e-07	1.695057e-09	3.946564e-09	-1.252252e-09
1.383726951752146e-07	-1.500616e-09	-3.377836e-09	1.906818e-09
1.385191795502146e-07	9.605834e-10	2.057513e-09	-2.066834e-09
1.386656639252146e-07	-2.171697e-10	-3.865008e-10	1.710819e-09
1.388121483002146e-07	-5.459055e-10	-1.232387e-09	-9.508703e-10
1.389586326752147e-07	1.145972e-09	2.470293e-09	-2.973288e-12
1.391051170502147e-07	-1.444362e-09	-3.100888e-09	9.041152e-10
1.392516014252147e-07	1.379693e-09	3.013591e-09	-1.535720e-09
1.393980858002147e-07	-9.820682e-10	-2.232590e-09	1.762325e-09
1.395445701752147e-07	3.633667e-10	9.330735e-10	-1.555114e-09
1.396910545502147e-07	3.140905e-10	5.735770e-10	9.890339e-10
1.398375389252147e-07	-8.812475e-10	-1.905583e-09	-2.172598e-10
1.399840233002147e-07	1.205503e-09	2.717433e-09	-5.684017e-10
1.401305076752147e-07	-1.221540e-09	-2.807876e-09	1.182214e-09
1.402769920502147e-07	9.427246e-10	2.182528e-09	-1.486006e-09
1.404234764252147e-07	-4.523006e-10	-1.044343e-09	1.419609e-09
1.405699608002147e-07	-1.212140e-10	-2.806827e-10	-1.013463e-09
1.407164451752147e-07	6.369912e-10	1.447926e-09	3.795322e-10
1.408629295502147e-07	-9.752372e-10	-2.187704e-09	3.181384e-10
1.410094139252147e-07	1.063816e-09	2.360823e-09	-9.060492e-10
1.411558983002147e-07	-8.929297e-10	-1.970939e-09	1.245396e-09
1.413023826752147e-07	5.150381e-10	1.144478e-09	-1.265562e-09
1.414488670502147e-07	-3.021638e-11	-9.263479e-11	9.782093e-10
1.415953514252147e-07	-4.396023e-10	-9.350498e-10	-4.694592e-10
1.417418358002147e-07	7.811458e-10	1.701433e-09	-1.259639e-10
1.418883201752147e-07	-9.173486e-10	-2.032633e-09	6.604347e-10
1.420348045502147e-07	8.248759e-10	1.859846e-09	-1.009354e-09
1.421812889252147e-07	-5.373889e-10	-1.239127e-09	1.099015e-09
1.423277733002147e-07	1.343591e-10	3.388523e-10	-9.209142e-10
1.424742576752147e-07	2.808734e-10	6.052421e-10	5.304006e-10
1.426207420502147e-07	-6.075637e-10	-1.354905e-09	-3.079004e-11
1.427672264252147e-07	7.716885e-10	1.733354e-09	-4.530067e-10
1.429137108002147e-07	-7.421275e-10	-1.668293e-09	8.051326e-10
1.430601951752148e-07	5.356813e-10	1.202723e-09	-9.464003e-10
1.432066795502148e-07	-2.105464e-10	-4.742947e-10	8.521910e-10
1.433531639252148e-07	-1.495544e-10	-3.265929e-10	-5.563116e-10
1.434996483002148e-07	4.564708e-10	1.006039e-09	1.401667e-10
1.436461326752148e-07	-6.388587e-10	-1.410979e-09	2.894719e-10
1.437926170502148e-07	6.585676e-10	1.460447e-09	-6.279168e-10
1.440855858002148e-07	2.598272e-10	5.948145e-10	-7.672849e-10
1.442320701752148e-07	4.908255e-11	8.809817e-11	5.533769e-10
1.443785545502148e-07	-3.311636e-10	-7.199893e-10	-2.169366e-10
1.445250389252148e-07	5.195222e-10	1.149570e-09	-1.551405e-10
1.446715233002148e-07	-5.732699e-10	-1.280458e-09	4.717807e-10
1.449644920502148e-07	-2.860941e-10	-6.502063e-10	6.796492e-10
1.451109764252148e-07	2.700473e-11	7.091683e-11	-5.349832e-10
1.452574608002148e-07	2.258629e-10	4.958767e-10	2.682393e-10
1.454039451752148e-07	-4.119814e-10	-9.134103e-10	5.046598e-11
1.455504295502148e-07	4.898443e-10	1.089103e-09	-3.416948e-10
1.459898826752148e-07	-8.326972e-11	-1.935846e-10	5.022274e-10
1.461363670502148e-07	-1.400300e-10	-3.012665e-10	-2.955630e-10
1.465967465145005e-07	-1.166564e-10	-2.540461e-10	-1.157431e-10
1.470571259787863e-07	-8.292292e-11	-1.826278e-10	4.697814e-12
1.475175054430720e-07	-3.882950e-11	-8.701139e-11	6.575975e-11
1.479778849073577e-07	1.562383e-11	3.280302e-11	6.744271e-11
1.484382643716435e-07	8.043708e-11	1.768155e-10	9.746703e-12
1.488986438359292e-07	1.556102e-10	3.450259e-10	-1.073283e-10
1.493590233002149e-07	2.411433e-10	5.374344e-10	-2.837822e-10
1.496519920502149e-07	4.980021e-11	1.160441e-10	-2.722506e-10
1.497984764252149e-07	-7.752646e-10	-1.746182e-09	1.737688e-09
1.498535156250000e-07	-1.515831e-09	-3.348404e-09	6.441416e-10
1.498899216004298e-07	1.416586e-10	3.546291e-10	-1.838912e-09
1.499271880491404e-07	1.442932e-09	3.211455e-09	-1.684167e-09
1.500000000000000e-07	5.605505e-10	1.210540e-09	4.012744e-09
