time	V(probe_1)	V(probe_2)	V(probe_3)
0.000000000000000e+00	0.000000e+00	0.000000e+00	0.000000e+00
1.000000000000000e-09	0.000000e+00	0.000000e+00	0.000000e+00
1.000453437365229e-09	1.205091e-11	2.100850e-15	4.115058e-16
1.001360312095687e-09	2.264391e-10	1.104888e-13	1.687419e-14
1.003174061556602e-09	2.552853e-09	2.220039e-12	2.948075e-13
1.005272464295523e-09	1.368404e-08	1.985395e-11	2.307063e-12
1.007682540011604e-09	5.459428e-08	1.269249e-10	1.300057e-11
1.010316219089728e-09	1.844547e-07	7.532347e-10	6.555766e-11
1.013843202326300e-09	5.923757e-07	3.874494e-09	2.967331e-10
1.017117871463162e-09	1.408220e-06	1.425138e-08	9.640367e-10
1.021121437141400e-09	3.295325e-06	5.123362e-08	3.083333e-09
1.024954121236664e-09	6.548365e-06	1.586130e-07	8.429187e-09
1.030246253908016e-09	1.418814e-05	5.874811e-07	2.708579e-08
1.036361606714457e-09	2.786690e-05	1.826758e-06	7.538583e-08
1.041933370717257e-09	4.580166e-05	4.437043e-06	1.673739e-07
1.047987120963746e-09	7.173035e-05	1.054519e-05	3.631164e-07
1.054935056381654e-09	1.082200e-04	2.407716e-05	7.626379e-07
1.061351321939749e-09	1.471203e-04	4.734344e-05	1.394224e-06
1.069142301908158e-09	1.987974e-04	9.585186e-05	2.612534e-06
1.076435092457306e-09	2.496020e-04	1.713105e-04	4.342046e-06
1.085689952462238e-09	3.162819e-04	3.233867e-04	7.469670e-06
1.095455577462238e-09	3.894095e-04	5.632672e-04	1.175659e-05
1.105221202462238e-09	4.668142e-04	9.018190e-04	1.672059e-05
1.114986827462237e-09	5.494563e-04	1.349046e-03	2.153219e-05
1.124752452462237e-09	6.366228e-04	1.905070e-03	2.483444e-05
1.134518077462237e-09	7.259666e-04	2.560606e-03	2.481226e-05
1.144283702462237e-09	8.145465e-04	3.297937e-03	1.935139e-05
1.154049327462237e-09	8.999894e-04	4.093146e-03	6.285799e-06
1.163814952462237e-09	9.809552e-04	4.919263e-03	-1.630371e-05
1.173580577462237e-09	1.056726e-03	5.749914e-03	-4.978839e-05
1.183346202462237e-09	1.126401e-03	6.562982e-03	-9.473882e-05
1.193111827462237e-09	1.188394e-03	7.343696e-03	-1.507631e-04
1.202877452462237e-09	1.240602e-03	8.086635e-03	-2.164632e-04
1.212643077462236e-09	1.281111e-03	8.796242e-03	-2.895163e-04
1.222408702462236e-09	1.308925e-03	9.485779e-03	-3.668678e-04
1.232174327462236e-09	1.324273e-03	1.017496e-02	-4.450019e-04
1.241939952462236e-09	1.328372e-03	1.088675e-02	-5.202477e-04
1.251705577462236e-09	1.322917e-03	1.164410e-02	-5.890705e-04
1.261471202462236e-09	1.309659e-03	1.246698e-02	-6.483083e-04
1.271236827462236e-09	1.290296e-03	1.337042e-02	-6.953269e-04
1.281002452462236e-09	1.266632e-03	1.436355e-02	-7.280855e-04
1.290768077462236e-09	1.240756e-03	1.544977e-02	-7.451248e-04
1.300533702462236e-09	1.215009e-03	1.662786e-02	-7.455050e-04
1.310299327462236e-09	1.191724e-03	1.789364e-02	-7.287267e-04
1.320064952462235e-09	1.172862e-03	1.924195e-02	-6.946654e-04
1.329830577462235e-09	1.159769e-03	2.066833e-02	-6.435440e-04
1.339596202462235e-09	1.153167e-03	2.217017e-02	-5.759508e-04
1.349361827462235e-09	1.153346e-03	2.374706e-02	-4.928933e-04
1.359127452462235e-09	1.160406e-03	2.540031e-02	-3.958683e-04
1.368893077462235e-09	1.174400e-03	2.713171e-02	-2.869160e-04
1.378658702462235e-09	1.195343e-03	2.894210e-02	-1.686271e-04
1.388424327462235e-09	1.223120e-03	3.082982e-02	-4.407669e-05
1.398189952462235e-09	1.257417e-03	3.278973e-02	8.332556e-05
1.407955577462235e-09	1.297715e-03	3.481284e-02	2.100645e-04
1.417721202462235e-09	1.343350e-03	3.688678e-02	3.328020e-04
1.427486827462234e-09	1.393579e-03	3.899706e-02	4.486765e-04
1.437252452462234e-09	1.447582e-03	4.112882e-02	5.555709e-04
1.447018077462234e-09	1.504419e-03	4.326889e-02	6.523074e-04
1.456783702462234e-09	1.562968e-03	4.540763e-02	7.387323e-04
1.466549327462234e-09	1.621926e-03	4.754040e-02	8.156751e-04
1.476314952462234e-09	1.679893e-03	4.966816e-02	8.847855e-04
1.486080577462234e-09	1.736066e-03	5.179522e-02	9.486467e-04
1.491692404924467e-09	1.766998e-03	5.302024e-02	9.834704e-04
1.500000000000000e-09	1.809870e-03	5.484669e-02	1.033597e-03
1.503774074658619e-09	1.828128e-03	5.568442e-02	1.056380e-03
1.508087302839898e-09	1.847713e-03	5.665117e-02	1.082780e-03
1.516713759202456e-09	1.882481e-03	5.861185e-02	1.136922e-03
1.526479384202456e-09	1.912675e-03	6.087673e-02	1.200681e-03
1.536245009202456e-09	1.928633e-03	6.319829e-02	1.267594e-03
1.546010634202456e-09	1.927315e-03	6.557752e-02	1.337584e-03
1.555776259202456e-09	1.909528e-03	6.800569e-02	1.409915e-03
1.565541884202456e-09	1.879674e-03	7.046538e-02	1.483456e-03
1.575307509202456e-09	1.843593e-03	7.293174e-02	1.556932e-03
1.585073134202456e-09	1.805760e-03	7.537555e-02	1.629194e-03
1.594838759202456e-09	1.767709e-03	7.776760e-02	1.699475e-03
1.604604384202455e-09	1.728469e-03	8.008354e-02	1.767586e-03
1.614370009202455e-09	1.686389e-03	8.230790e-02	1.834004e-03
1.624135634202455e-09	1.640926e-03	8.443657e-02	1.899841e-03
1.633901259202455e-09	1.593251e-03	8.647715e-02	1.966690e-03
1.643666884202455e-09	1.545568e-03	8.844727e-02	2.036354e-03
1.653432509202455e-09	1.499902e-03	9.037148e-02	2.110532e-03
1.663198134202455e-09	1.457363e-03	9.227710e-02	2.190493e-03
1.672963759202455e-09	1.418324e-03	9.418987e-02	2.276821e-03
1.682729384202455e-09	1.383224e-03	9.612996e-02	2.369261e-03
1.692495009202455e-09	1.353270e-03	9.810898e-02	2.466701e-03
1.702260634202454e-09	1.330479e-03	1.001284e-01	2.567284e-03
1.712026259202454e-09	1.317020e-03	1.021798e-01	2.668628e-03
1.721791884202454e-09	1.314323e-03	1.042465e-01	2.768098e-03
1.731557509202454e-09	1.322511e-03	1.063074e-01	2.863099e-03
1.741323134202454e-09	1.340448e-03	1.083397e-01	2.951312e-03
1.751088759202454e-09	1.366239e-03	1.103233e-01	3.030847e-03
1.760854384202454e-09	1.397810e-03	1.122431e-01	3.100288e-03
1.770620009202454e-09	1.433214e-03	1.140904e-01	3.158634e-03
1.780385634202454e-09	1.470612e-03	1.158630e-01	3.205165e-03
1.790151259202454e-09	1.508114e-03	1.175636e-01	3.239270e-03
1.799916884202454e-09	1.543734e-03	1.191981e-01	3.260301e-03
1.809682509202453e-09	1.575580e-03	1.207729e-01	3.267488e-03
1.819448134202453e-09	1.602179e-03	1.222925e-01	3.259955e-03
1.829213759202453e-09	1.622722e-03	1.237584e-01	3.236833e-03
1.838979384202453e-09	1.637066e-03	1.251678e-01	3.197462e-03
1.848745009202453e-09	1.645494e-03	1.265145e-01	3.141633e-03
1.858510634202453e-09	1.648367e-03	1.277902e-01	3.069826e-03
1.868276259202453e-09	1.645864e-03	1.289867e-01	2.983373e-03
1.878041884202453e-09	1.637902e-03	1.300984e-01	2.884523e-03
1.887807509202453e-09	1.624234e-03	1.311240e-01	2.776352e-03
1.897573134202453e-09	1.604603e-03	1.320678e-01	2.662539e-03
1.907338759202453e-09	1.578866e-03	1.329397e-01	2.547031e-03
1.917104384202453e-09	1.547041e-03	1.337546e-01	2.433633e-03
1.926870009202453e-09	1.509334e-03	1.345297e-01	2.325607e-03
1.936635634202452e-09	1.466167e-03	1.352828e-01	2.225324e-03
1.946401259202452e-09	1.418257e-03	1.360293e-01	2.134054e-03
1.956166884202452e-09	1.366684e-03	1.367798e-01	2.051901e-03
1.965932509202452e-09	1.312885e-03	1.375389e-01	1.977913e-03
1.975698134202452e-09	1.258553e-03	1.383048e-01	1.910330e-03
1.985463759202452e-09	1.205413e-03	1.390697e-01	1.846938e-03
1.995229384202452e-09	1.154980e-03	1.398216e-01	1.785457e-03
2.004995009202452e-09	1.108337e-03	1.405464e-01	1.723901e-03
2.014760634202452e-09	1.066019e-03	1.412306e-01	1.660847e-03
2.024526259202452e-09	1.027985e-03	1.418636e-01	1.595584e-03
2.034291884202452e-09	9.936929e-04	1.424387e-01	1.528111e-03
2.044057509202451e-09	9.622100e-04	1.429548e-01	1.459007e-03
2.053823134202451e-09	9.323639e-04	1.434154e-01	1.389215e-03
2.063588759202451e-09	9.029089e-04	1.438278e-01	1.319769e-03
2.073354384202451e-09	8.727023e-04	1.442013e-01	1.251555e-03
2.083120009202451e-09	8.408729e-04	1.445458e-01	1.185121e-03
2.092885634202451e-09	8.069479e-04	1.448694e-01	1.120598e-03
2.102651259202451e-09	7.709088e-04	1.451777e-01	1.057732e-03
2.112416884202451e-09	7.331586e-04	1.454730e-01	9.960148e-04
2.122182509202451e-09	6.944111e-04	1.457544e-01	9.348826e-04
2.131948134202451e-09	6.555300e-04	1.460190e-01	8.739345e-04
2.141713759202450e-09	6.173617e-04	1.462631e-01	8.131212e-04
2.151479384202450e-09	5.805972e-04	1.464835e-01	7.528596e-04
2.161245009202450e-09	5.456840e-04	1.466789e-01	6.940447e-04
2.171010634202450e-09	5.127964e-04	1.468509e-01	6.379528e-04
2.180776259202450e-09	4.818591e-04	1.470036e-01	5.860516e-04
2.190541884202450e-09	4.526131e-04	1.471438e-01	5.397521e-04
2.200307509202450e-09	4.247127e-04	1.472795e-01	5.001500e-04
2.210073134202450e-09	3.978336e-04	1.474185e-01	4.678067e-04
2.219838759202450e-09	3.717740e-04	1.475672e-01	4.426128e-04
2.229604384202450e-09	3.465239e-04	1.477292e-01	4.237619e-04
2.239370009202450e-09	3.222866e-04	1.479046e-01	4.098420e-04
2.249135634202449e-09	2.994444e-04	1.480901e-01	3.990282e-04
2.258901259202449e-09	2.784767e-04	1.482791e-01	3.893440e-04
2.268666884202449e-09	2.598482e-04	1.484634e-01	3.789438e-04
2.278432509202449e-09	2.438945e-04	1.486342e-01	3.663683e-04
2.288198134202449e-09	2.307286e-04	1.487837e-01	3.507284e-04
2.297963759202449e-09	2.201893e-04	1.489066e-01	3.317883e-04
2.307729384202449e-09	2.118386e-04	1.490006e-01	3.099378e-04
2.317495009202449e-09	2.050098e-04	1.490668e-01	2.860643e-04
2.327260634202449e-09	1.988965e-04	1.491097e-01	2.613509e-04
2.337026259202449e-09	1.926690e-04	1.491358e-01	2.370441e-04
2.346791884202449e-09	1.855966e-04	1.491525e-01	2.142312e-04
2.356557509202448e-09	1.771570e-04	1.491673e-01	1.936709e-04
2.366323134202448e-09	1.671106e-04	1.491858e-01	1.757024e-04
2.376088759202448e-09	1.555281e-04	1.492118e-01	1.602451e-04
2.385854384202448e-09	1.427651e-04	1.492462e-01	1.468827e-04
2.395620009202448e-09	1.293900e-04	1.492876e-01	1.350066e-04
2.405385634202448e-09	1.160800e-04	1.493331e-01	1.239881e-04
2.415151259202448e-09	1.035051e-04	1.493788e-01	1.133393e-04
2.424916884202448e-09	9.222054e-05	1.494209e-01	1.028302e-04
2.434682509202448e-09	8.258870e-05	1.494569e-01	9.253951e-05
2.444448134202448e-09	7.473890e-05	1.494858e-01	8.282947e-05
2.454213759202447e-09	6.857176e-05	1.495087e-01	7.425297e-05
2.463979384202447e-09	6.380306e-05	1.495278e-01	6.741364e-05
2.473745009202447e-09	6.003676e-05	1.495468e-01	6.280967e-05
2.483510634202447e-09	5.685168e-05	1.495692e-01	6.069470e-05
2.493276259202447e-09	5.388455e-05	1.495980e-01	6.098517e-05
2.503041884202447e-09	5.089338e-05	1.496346e-01	6.323404e-05
2.512807509202447e-09	4.778993e-05	1.496787e-01	6.667687e-05
2.522573134202447e-09	4.463622e-05	1.497281e-01	7.034236e-05
2.532338759202447e-09	4.160811e-05	1.497790e-01	7.320615e-05
2.542104384202447e-09	3.893528e-05	1.498268e-01	7.435880e-05
2.551870009202447e-09	3.683162e-05	1.498669e-01	7.315629e-05
2.561635634202446e-09	3.543124e-05	1.498954e-01	6.932495e-05
2.571401259202446e-09	3.474359e-05	1.499101e-01	6.300172e-05
2.581166884202446e-09	3.463670e-05	1.499107e-01	5.470354e-05
2.590932509202446e-09	3.485171e-05	1.498991e-01	4.523240e-05
2.600698134202446e-09	3.504542e-05	1.498788e-01	3.553515e-05
2.610463759202446e-09	3.485222e-05	1.498543e-01	2.654437e-05
2.620229384202446e-09	3.395290e-05	1.498306e-01	1.902978e-05
2.629995009202446e-09	3.213678e-05	1.498121e-01	1.348628e-05
2.639760634202446e-09	2.934479e-05	1.498020e-01	1.007710e-05
2.649526259202446e-09	2.568503e-05	1.498018e-01	8.639277e-06
2.659291884202446e-09	2.141796e-05	1.498111e-01	8.746904e-06
2.669057509202445e-09	1.691390e-05	1.498283e-01	9.816618e-06
2.678823134202445e-09	1.259122e-05	1.498501e-01	1.123288e-05
2.688588759202445e-09	8.846876e-06	1.498733e-01	1.246778e-05
2.698354384202445e-09	5.992087e-06	1.498946e-01	1.317256e-05
2.708120009202445e-09	4.204850e-06	1.499116e-01	1.322471e-05
2.717885634202445e-09	3.507134e-06	1.499232e-01	1.272424e-05
2.727651259202445e-09	3.769992e-06	1.499294e-01	1.194275e-05
2.737416884202445e-09	4.744460e-06	1.499318e-01	1.123866e-05
2.747182509202445e-09	6.111412e-06	1.499322e-01	1.095786e-05
2.756948134202445e-09	7.540359e-06	1.499331e-01	1.134123e-05
2.766713759202445e-09	8.745916e-06	1.499365e-01	1.245853e-05
2.776479384202444e-09	9.531654e-06	1.499435e-01	1.418179e-05
2.786245009202444e-09	9.813909e-06	1.499543e-01	1.620312e-05
2.796010634202444e-09	9.622342e-06	1.499679e-01	1.809255e-05
2.805776259202444e-09	9.078680e-06	1.499825e-01	1.938352e-05
2.815541884202444e-09	8.359237e-06	1.499956e-01	1.966819e-05
2.825307509202444e-09	7.649683e-06	1.500051e-01	1.868324e-05
2.835073134202444e-09	7.101619e-06	1.500089e-01	1.636870e-05
2.844838759202444e-09	6.799683e-06	1.500061e-01	1.288843e-05
2.854604384202444e-09	6.745336e-06	1.499969e-01	8.608149e-06
2.864370009202444e-09	6.859925e-06	1.499827e-01	4.035574e-06
2.874135634202443e-09	7.005526e-06	1.499656e-01	-2.656914e-07
2.883901259202443e-09	7.018624e-06	1.499485e-01	-3.771858e-06
2.893666884202443e-09	6.749162e-06	1.499341e-01	-6.086275e-06
2.903432509202443e-09	6.096689e-06	1.499248e-01	-7.002313e-06
2.913198134202443e-09	5.036098e-06	1.499220e-01	-6.530842e-06
2.922963759202443e-09	3.627749e-06	1.499260e-01	-4.888367e-06
2.932729384202443e-09	2.010019e-06	1.499361e-01	-2.449403e-06
2.942495009202443e-09	3.758957e-07	1.499506e-01	3.266681e-07
2.952260634202443e-09	-1.061635e-06	1.499671e-01	2.979641e-06
2.962026259202443e-09	-2.108492e-06	1.499831e-01	5.127299e-06
2.971791884202443e-09	-2.625108e-06	1.499965e-01	6.524597e-06
2.981557509202442e-09	-2.551904e-06	1.500057e-01	7.093186e-06
2.991323134202442e-09	-1.919939e-06	1.500100e-01	6.917405e-06
3.001088759202442e-09	-8.449615e-07	1.500098e-01	6.209511e-06
3.010854384202442e-09	4.936643e-07	1.500061e-01	5.252756e-06
3.020620009202442e-09	1.884850e-06	1.500005e-01	4.334800e-06
3.030385634202442e-09	3.122267e-06	1.499947e-01	3.685269e-06
3.040151259202442e-09	4.038524e-06	1.499904e-01	3.429792e-06
3.049916884202442e-09	4.530808e-06	1.499885e-01	3.568986e-06
3.059682509202442e-09	4.573609e-06	1.499894e-01	3.985529e-06
3.069448134202442e-09	4.216797e-06	1.499927e-01	4.476628e-06
3.079213759202442e-09	3.570123e-06	1.499974e-01	4.804212e-06
3.088979384202441e-09	2.777818e-06	1.500020e-01	4.751798e-06
3.098745009202441e-09	1.988646e-06	1.500054e-01	4.176030e-06
3.108510634202441e-09	1.327394e-06	1.500062e-01	3.042270e-06
3.118276259202441e-09	8.732312e-07	1.500040e-01	1.437170e-06
3.128041884202441e-09	6.487488e-07	1.499989e-01	-4.440713e-07
3.137807509202441e-09	6.212074e-07	1.499915e-01	-2.332881e-06
3.147573134202441e-09	7.150627e-07	1.499831e-01	-3.937641e-06
3.157338759202441e-09	8.326219e-07	1.499752e-01	-4.998988e-06
3.167104384202441e-09	8.782132e-07	1.499694e-01	-5.339150e-06
3.176870009202441e-09	7.807386e-07	1.499667e-01	-4.895760e-06
3.186635634202440e-09	5.100110e-07	1.499679e-01	-3.733810e-06
3.196401259202440e-09	8.370645e-08	1.499729e-01	-2.033812e-06
3.206166884202440e-09	-4.362315e-07	1.499810e-01	-5.888529e-08
3.215932509202440e-09	-9.567193e-07	1.499909e-01	1.892555e-06
3.225698134202440e-09	-1.373280e-06	1.500011e-01	3.539204e-06
3.235463759202440e-09	-1.592231e-06	1.500101e-01	4.664413e-06
3.245229384202440e-09	-1.550750e-06	1.500167e-01	5.150122e-06
3.254995009202440e-09	-1.230785e-06	1.500198e-01	4.991366e-06
3.264760634202440e-09	-6.640824e-07	1.500195e-01	4.289434e-06
3.274526259202440e-09	7.254692e-08	1.500161e-01	3.225919e-06
3.284291884202440e-09	8.706920e-07	1.500105e-01	2.023489e-06
3.294057509202439e-09	1.609782e-06	1.500039e-01	9.014810e-07
3.303823134202439e-09	2.178657e-06	1.499976e-01	3.510568e-08
3.313588759202439e-09	2.495111e-06	1.499927e-01	-4.740771e-07
3.323354384202439e-09	2.519711e-06	1.499899e-01	-6.112550e-07
3.333120009202439e-09	2.261447e-06	1.499894e-01	-4.433437e-07
3.342885634202439e-09	1.774374e-06	1.499909e-01	-9.779116e-08
3.352651259202439e-09	1.146167e-06	1.499939e-01	2.697358e-07
3.362416884202439e-09	4.810403e-07	1.499973e-01	5.117336e-07
3.372182509202439e-09	-1.195332e-07	1.500003e-01	5.217369e-07
3.381948134202439e-09	-5.745833e-07	1.500020e-01	2.571108e-07
3.391713759202439e-09	-8.365856e-07	1.500021e-01	-2.525437e-07
3.401479384202438e-09	-8.973645e-07	1.500004e-01	-9.126319e-07
3.411245009202438e-09	-7.861797e-07	1.499974e-01	-1.584517e-06
3.421010634202438e-09	-5.607714e-07	1.499937e-01	-2.115537e-06
3.430776259202438e-09	-2.934705e-07	1.499903e-01	-2.371757e-06
3.440541884202438e-09	-5.535566e-08	1.499879e-01	-2.266720e-06
3.450307509202438e-09	9.831226e-08	1.499872e-01	-1.780465e-06
3.460073134202438e-09	1.385416e-07	1.499885e-01	-9.651228e-07
3.469838759202438e-09	6.704555e-08	1.499917e-01	6.382152e-08
3.479604384202438e-09	-8.595875e-08	1.499964e-01	1.148660e-06
3.489370009202438e-09	-2.771910e-07	1.500019e-01	2.183695e-06
3.490234375000000e-09	-2.946756e-07	1.500024e-01	2.266243e-06
3.491963106595126e-09	-3.283029e-07	1.500034e-01	2.412815e-06
3.495420569785377e-09	-3.896819e-07	1.500054e-01	2.671958e-06
3.500000000000000e-09	-4.628062e-07	1.500079e-01	2.971887e-06
3.500457943021463e-09	-4.686181e-07	1.500081e-01	2.994749e-06
3.501373829064387e-09	-4.797541e-07	1.500086e-01	3.037658e-06
3.503205601150236e-09	-5.035483e-07	1.500094e-01	3.109453e-06
3.506869145321935e-09	-6.526631e-07	1.500109e-01	3.194556e-06
3.514196233665331e-09	-2.089179e-06	1.500129e-01	3.173386e-06
3.523961858665331e-09	-8.518728e-06	1.500136e-01	2.814581e-06
3.533727483665331e-09	-2.429394e-05	1.500106e-01	2.090155e-06
3.543493108665331e-09	-5.391446e-05	1.500012e-01	1.008261e-06
3.553258733665331e-09	-9.791215e-05	1.499814e-01	-4.008384e-07
3.560265957515618e-09	-1.378206e-04	1.499562e-01	-1.645021e-06
3.565953783580122e-09	-1.747635e-04	1.499230e-01	-2.871582e-06
3.573013958181235e-09	-2.236347e-04	1.498607e-01	-4.707332e-06
3.580230989622312e-09	-2.753114e-04	1.497641e-01	-7.006939e-06
3.589837088687841e-09	-3.460757e-04	1.495724e-01	-1.073574e-05
3.599602713687841e-09	-4.209778e-04	1.492932e-01	-1.511624e-05
3.609368338687841e-09	-5.004532e-04	1.489121e-01	-1.966224e-05
3.619133963687841e-09	-5.851346e-04	1.484227e-01	-2.344346e-05
3.628899588687841e-09	-6.737914e-04	1.478278e-01	-2.503590e-05
3.638665213687841e-09	-7.636732e-04	1.471396e-01	-2.259472e-05
3.648430838687841e-09	-8.517337e-04	1.463779e-01	-1.402969e-05
3.658196463687840e-09	-9.357455e-04	1.455677e-01	2.735018e-06
3.667962088687840e-09	-1.014571e-03	1.447360e-01	2.945701e-05
3.677727713687840e-09	-1.087582e-03	1.439079e-01	6.727941e-05
3.687493338687840e-09	-1.153832e-03	1.431034e-01	1.164929e-04
3.697258963687840e-09	-1.211667e-03	1.423341e-01	1.763970e-04
3.707024588687840e-09	-1.259048e-03	1.416023e-01	2.452850e-04
3.716790213687840e-09	-1.294319e-03	1.409004e-01	3.205552e-04
3.726555838687840e-09	-1.316881e-03	1.402125e-01	3.989295e-04
3.736321463687840e-09	-1.327354e-03	1.395174e-01	4.767440e-04
3.746087088687840e-09	-1.327233e-03	1.387915e-01	5.502646e-04
3.755852713687840e-09	-1.318333e-03	1.380122e-01	6.159777e-04
3.765618338687840e-09	-1.302418e-03	1.371607e-01	6.708183e-04
3.775383963687840e-09	-1.281186e-03	1.362237e-01	7.123088e-04
3.785149588687840e-09	-1.256462e-03	1.351938e-01	7.386083e-04
3.794915213687840e-09	-1.230370e-03	1.340693e-01	7.484850e-04
3.804680838687839e-09	-1.205252e-03	1.328527e-01	7.412413e-04
3.814446463687839e-09	-1.183362e-03	1.315491e-01	7.166273e-04
3.824212088687839e-09	-1.166507e-03	1.301640e-01	6.747713e-04
3.833977713687839e-09	-1.155848e-03	1.287018e-01	6.161502e-04
3.843743338687839e-09	-1.151950e-03	1.271649e-01	5.416041e-04
3.853508963687839e-09	-1.154999e-03	1.255535e-01	4.523844e-04
3.863274588687839e-09	-1.165041e-03	1.238664e-01	3.502131e-04
3.873040213687839e-09	-1.182090e-03	1.221021e-01	2.373221e-04
3.882805838687839e-09	-1.206101e-03	1.202606e-01	1.164415e-04
3.892571463687839e-09	-1.236869e-03	1.183443e-01	-9.284522e-06
3.902337088687838e-09	-1.273971e-03	1.163595e-01	-1.364637e-04
3.912102713687838e-09	-1.316784e-03	1.143160e-01	-2.616921e-04
3.921868338687838e-09	-1.364561e-03	1.122269e-01	-3.818356e-04
3.931633963687838e-09	-1.416495e-03	1.101065e-01	-4.943147e-04
3.941399588687838e-09	-1.471717e-03	1.079691e-01	-5.973486e-04
3.951165213687838e-09	-1.529238e-03	1.058269e-01	-6.901161e-04
3.960930838687838e-09	-1.587906e-03	1.036879e-01	-7.728045e-04
3.970696463687838e-09	-1.646415e-03	1.015548e-01	-8.465321e-04
3.980462088687838e-09	-1.703414e-03	9.942491e-02	-9.131561e-04
3.990227713687838e-09	-1.757667e-03	9.729042e-02	-9.749932e-04
4.000000000000000e-09	-1.809348e-03	9.514567e-02	-1.034522e-03
4.003342095669269e-09	-1.825797e-03	9.440446e-02	-1.054497e-03
4.006684191338538e-09	-1.841290e-03	9.365772e-02	-1.074745e-03
4.010026287007807e-09	-1.855827e-03	9.290544e-02	-1.095265e-03
4.013368382677076e-09	-1.869409e-03	9.214763e-02	-1.116056e-03
4.016710478346345e-09	-1.882034e-03	9.138428e-02	-1.137120e-03
4.020052574015614e-09	-1.893705e-03	9.061539e-02	-1.158456e-03
4.023394669684883e-09	-1.904419e-03	8.984096e-02	-1.180063e-03
4.033160294684883e-09	-1.925587e-03	8.754097e-02	-1.245526e-03
4.042925919684882e-09	-1.929993e-03	8.518232e-02	-1.314310e-03
4.052691544684882e-09	-1.917166e-03	8.277047e-02	-1.385901e-03
4.062457169684882e-09	-1.890518e-03	8.031967e-02	-1.459282e-03
4.072222794684882e-09	-1.855743e-03	7.785250e-02	-1.533169e-03
4.081988419684882e-09	-1.818012e-03	7.539725e-02	-1.606286e-03
4.091754044684882e-09	-1.779854e-03	7.298391e-02	-1.677644e-03
4.101519669684882e-09	-1.740966e-03	7.063931e-02	-1.746773e-03
4.111285294684882e-09	-1.699731e-03	6.838258e-02	-1.813867e-03
4.121050919684882e-09	-1.655163e-03	6.622203e-02	-1.879808e-03
4.130816544684882e-09	-1.607940e-03	6.415406e-02	-1.946048e-03
4.140582169684882e-09	-1.560069e-03	6.216408e-02	-2.014384e-03
4.150347794684881e-09	-1.513732e-03	6.022929e-02	-2.086638e-03
4.160113419684881e-09	-1.470320e-03	5.832253e-02	-2.164318e-03
4.169879044684881e-09	-1.430330e-03	5.641671e-02	-2.248320e-03
4.179644669684881e-09	-1.394052e-03	5.448905e-02	-2.338725e-03
4.189410294684881e-09	-1.362382e-03	5.252457e-02	-2.434722e-03
4.199175919684881e-09	-1.337113e-03	5.051824e-02	-2.534678e-03
4.208941544684881e-09	-1.320460e-03	4.847534e-02	-2.636320e-03
4.218707169684881e-09	-1.314181e-03	4.641020e-02	-2.737012e-03
4.228472794684881e-09	-1.318860e-03	4.434327e-02	-2.834049e-03
4.238238419684881e-09	-1.333746e-03	4.229752e-02	-2.924935e-03
4.248004044684881e-09	-1.357151e-03	4.029462e-02	-3.007577e-03
4.257769669684880e-09	-1.387035e-03	3.835187e-02	-3.080376e-03
4.267535294684880e-09	-1.421418e-03	3.648034e-02	-3.142207e-03
4.277300919684880e-09	-1.458444e-03	3.468438e-02	-3.192303e-03
4.287066544684880e-09	-1.496240e-03	3.296253e-02	-3.230083e-03
4.296832169684880e-09	-1.532815e-03	3.130945e-02	-3.254986e-03
4.306597794684880e-09	-1.566187e-03	2.971833e-02	-3.266347e-03
4.316363419684880e-09	-1.594687e-03	2.818340e-02	-3.263368e-03
4.326129044684880e-09	-1.617259e-03	2.670183e-02	-3.245193e-03
4.335894669684880e-09	-1.633553e-03	2.527481e-02	-3.211074e-03
4.345660294684880e-09	-1.643755e-03	2.390744e-02	-3.160615e-03
4.355425919684879e-09	-1.648245e-03	2.260761e-02	-3.094014e-03
4.365191544684879e-09	-1.647298e-03	2.138394e-02	-3.012266e-03
4.374957169684879e-09	-1.640937e-03	2.024342e-02	-2.917278e-03
4.384722794684879e-09	-1.628978e-03	1.918924e-02	-2.811835e-03
4.394488419684879e-09	-1.611173e-03	1.821924e-02	-2.699431e-03
4.404254044684879e-09	-1.587349e-03	1.732536e-02	-2.583963e-03
4.414019669684879e-09	-1.557473e-03	1.649434e-02	-2.469346e-03
4.423785294684879e-09	-1.521679e-03	1.570930e-02	-2.359091e-03
4.433550919684879e-09	-1.480293e-03	1.495220e-02	-2.255929e-03
4.443316544684879e-09	-1.433909e-03	1.420644e-02	-2.161542e-03
4.453082169684879e-09	-1.383462e-03	1.345936e-02	-2.076439e-03
4.462847794684878e-09	-1.330262e-03	1.270406e-02	-2.000003e-03
4.472613419684878e-09	-1.275930e-03	1.194018e-02	-1.930700e-03
4.482379044684878e-09	-1.222204e-03	1.117372e-02	-1.866398e-03
4.492144669684878e-09	-1.170702e-03	1.041559e-02	-1.804764e-03
4.501910294684878e-09	-1.122677e-03	9.679615e-03	-1.743639e-03
4.511675919684878e-09	-1.078863e-03	8.979945e-03	-1.681356e-03
4.521441544684878e-09	-1.039421e-03	8.328688e-03	-1.616936e-03
4.531207169684878e-09	-1.003974e-03	7.733993e-03	-1.550140e-03
4.540972794684878e-09	-9.717074e-04	7.198985e-03	-1.481384e-03
4.550738419684878e-09	-9.415094e-04	6.721658e-03	-1.411539e-03
4.560504044684878e-09	-9.121306e-04	6.295694e-03	-1.341672e-03
4.570269669684877e-09	-8.823619e-04	5.911982e-03	-1.272779e-03
4.580035294684877e-09	-8.512113e-04	5.560492e-03	-1.205569e-03
4.589800919684877e-09	-8.180508e-04	5.232132e-03	-1.140340e-03
4.599566544684877e-09	-7.827022e-04	4.920216e-03	-1.076971e-03
4.609332169684877e-09	-7.454353e-04	4.621288e-03	-1.015014e-03
4.619097794684877e-09	-7.068805e-04	4.335169e-03	-9.538871e-04
4.628863419684877e-09	-6.678798e-04	4.064277e-03	-8.930852e-04
4.638629044684877e-09	-6.293156e-04	3.812404e-03	-8.323957e-04
4.648394669684877e-09	-5.919572e-04	3.583231e-03	-7.720455e-04
4.658160294684877e-09	-5.563523e-04	3.378929e-03	-7.127541e-04
4.667925919684876e-09	-5.227756e-04	3.199149e-03	-6.556765e-04
4.677691544684876e-09	-4.912337e-04	3.040600e-03	-6.022428e-04
4.687457169684876e-09	-4.615169e-04	2.897323e-03	-5.539231e-04
4.697222794684876e-09	-4.332891e-04	2.761582e-03	-5.119643e-04
4.706988419684876e-09	-4.061952e-04	2.625189e-03	-4.771474e-04
4.716754044684876e-09	-3.799698e-04	2.480995e-03	-4.496153e-04
4.726519669684876e-09	-3.545216e-04	2.324238e-03	-4.288034e-04
4.736285294684876e-09	-3.299750e-04	2.153475e-03	-4.134892e-04
4.746050919684876e-09	-3.066550e-04	1.970915e-03	-4.019541e-04
4.755816544684876e-09	-2.850205e-04	1.782085e-03	-3.922270e-04
4.765582169684876e-09	-2.655592e-04	1.594885e-03	-3.823687e-04
4.775347794684875e-09	-2.486696e-04	1.418218e-03	-3.707458e-04
4.785113419684875e-09	-2.345567e-04	1.260460e-03	-3.562465e-04
4.794879044684875e-09	-2.231624e-04	1.128036e-03	-3.384038e-04
4.804644669684875e-09	-2.141445e-04	1.024385e-03	-3.174067e-04
4.814410294684875e-09	-2.069072e-04	9.494749e-04	-2.940035e-04
4.824175919684875e-09	-2.006776e-04	8.999400e-04	-2.693201e-04
4.833941544684875e-09	-1.946150e-04	8.697984e-04	-2.446286e-04
4.843707169684875e-09	-1.879350e-04	8.515818e-04	-2.211138e-04
4.853472794684875e-09	-1.800276e-04	8.376581e-04	-1.996777e-04
4.863238419684875e-09	-1.705463e-04	8.214866e-04	-1.808164e-04
4.873004044684875e-09	-1.594541e-04	7.985808e-04	-1.645881e-04
4.882769669684874e-09	-1.470169e-04	7.670128e-04	-1.506695e-04
4.892535294684874e-09	-1.337453e-04	7.273931e-04	-1.384846e-04
4.902300919684874e-09	-1.202994e-04	6.823656e-04	-1.273738e-04
4.912066544684874e-09	-1.073723e-04	6.357452e-04	-1.167661e-04
4.921832169684874e-09	-9.557637e-05	5.914965e-04	-1.063183e-04
4.931597794684874e-09	-8.535218e-05	5.527652e-04	-9.599245e-05
4.941363419684874e-09	-7.691291e-05	5.211621e-04	-8.605802e-05
4.951129044684874e-09	-7.023333e-05	4.964318e-04	-7.702068e-05
4.960894669684874e-09	-6.508113e-05	4.765593e-04	-6.949384e-05
4.970660294684874e-09	-6.108223e-05	4.582736e-04	-6.404198e-05
4.980425919684874e-09	-5.780609e-05	4.378293e-04	-6.102917e-05
4.990320035630254e-09	-5.481900e-05	4.135288e-04	-5.995042e-05
4.991519284453804e-09	-5.447150e-05	4.098609e-04	-6.007765e-05
4.992889854537861e-09	-5.407198e-05	4.054650e-04	-6.027429e-05
4.995630994705975e-09	-5.326367e-05	3.960817e-04	-6.080243e-05
5.000000000000000e-09	-5.195996e-05	3.802496e-04	-6.183452e-05
5.000436900529403e-09	-5.182670e-05	3.785234e-04	-6.196615e-05
5.001310701588208e-09	-5.155875e-05	3.750176e-04	-6.223838e-05
5.003058303705818e-09	-5.101262e-05	3.677514e-04	-6.282240e-05
5.006553507941038e-09	-4.980155e-05	3.522606e-04	-6.411114e-05
5.013543916411478e-09	-4.627858e-05	3.186772e-04	-6.687814e-05
5.023309541411478e-09	-3.699656e-05	2.688135e-04	-7.058172e-05
5.033075166411478e-09	-1.913355e-05	2.192097e-04	-7.338619e-05
5.041830950944109e-09	8.385712e-06	1.808681e-04	-7.428697e-05
5.051214115478886e-09	5.153743e-05	1.555112e-04	-7.283093e-05
5.060658975461916e-09	1.067925e-04	1.585325e-04	-6.846800e-05
5.070424600461916e-09	1.722069e-04	2.079959e-04	-6.075597e-05
5.080190225461916e-09	2.417758e-04	3.227907e-04	-5.006379e-05
5.089955850461915e-09	3.132380e-04	5.122749e-04	-3.711793e-05
5.096162731964175e-09	3.599365e-04	6.858801e-04	-2.804371e-05
5.103948811088515e-09	4.212871e-04	9.760440e-04	-1.644834e-05
5.113186207596051e-09	4.987176e-04	1.409213e-03	-3.763391e-06
5.122951832596051e-09	5.859503e-04	1.967358e-03	6.787581e-06
5.132717457596050e-09	6.771280e-04	2.619923e-03	1.237835e-05
5.142483082596050e-09	7.693776e-04	3.349670e-03	1.086738e-05
5.152248707596050e-09	8.597411e-04	4.132835e-03	3.415006e-07
5.162014332596050e-09	9.461349e-04	4.943650e-03	-2.069822e-05
5.171779957596050e-09	1.027316e-03	5.757614e-03	-5.314704e-05
5.181545582596050e-09	1.102189e-03	6.554614e-03	-9.715642e-05
5.191311207596050e-09	1.169139e-03	7.321494e-03	-1.520634e-04
5.201076832596050e-09	1.225975e-03	8.053656e-03	-2.163992e-04
5.210842457596050e-09	1.270521e-03	8.755409e-03	-2.879752e-04
5.220608082596050e-09	1.301441e-03	9.438979e-03	-3.640335e-04
5.230373707596050e-09	1.318753e-03	1.012239e-02	-4.414405e-04
5.240139332596049e-09	1.323748e-03	1.082665e-02	-5.168970e-04
5.249904957596049e-09	1.318461e-03	1.157284e-02	-5.871365e-04
5.259670582596049e-09	1.305083e-03	1.237963e-02	-6.490918e-04
5.269436207596049e-09	1.285651e-03	1.326150e-02	-7.000147e-04
5.279201832596049e-09	1.262086e-03	1.422806e-02	-7.375486e-04
5.288967457596049e-09	1.236393e-03	1.528413e-02	-7.597640e-04
5.298733082596049e-09	1.210748e-03	1.643062e-02	-7.651728e-04
5.308498707596049e-09	1.187352e-03	1.766587e-02	-7.527400e-04
5.318264332596049e-09	1.168119e-03	1.898714e-02	-7.219069e-04
5.328029957596049e-09	1.154411e-03	2.039185e-02	-6.726321e-04
5.337795582596049e-09	1.146968e-03	2.187844e-02	-6.054458e-04
5.347561207596048e-09	1.146081e-03	2.344653e-02	-5.215030e-04
5.357326832596048e-09	1.151856e-03	2.509648e-02	-4.226177e-04
5.367092457596048e-09	1.164406e-03	2.682842e-02	-3.112514e-04
5.376858082596048e-09	1.183891e-03	2.864104e-02	-1.904428e-04
5.386623707596048e-09	1.210405e-03	3.053053e-02	-6.366330e-05
5.396389332596048e-09	1.243840e-03	3.248990e-02	6.539421e-05
5.406154957596048e-09	1.283810e-03	3.450896e-02	1.930808e-04
5.415920582596048e-09	1.329672e-03	3.657493e-02	3.160795e-04
5.425686207596048e-09	1.380588e-03	3.867370e-02	4.316798e-04
5.435451832596048e-09	1.435581e-03	4.079146e-02	5.379994e-04
5.445217457596047e-09	1.493533e-03	4.291648e-02	6.341196e-04
5.454983082596047e-09	1.553164e-03	4.504064e-02	7.201122e-04
5.464748707596047e-09	1.613044e-03	4.716056e-02	7.969526e-04
5.474514332596047e-09	1.671679e-03	4.927798e-02	8.663312e-04
5.484279957596047e-09	1.728074e-03	5.139769e-02	9.306136e-04
5.490234375000001e-09	1.760450e-03	5.269698e-02	9.679768e-04
5.500000000000000e-09	1.810808e-03	5.484028e-02	1.027940e-03
5.502929687500000e-09	1.824663e-03	5.549116e-02	1.045870e-03
5.506835937500001e-09	1.842196e-03	5.636611e-02	1.070032e-03
5.514648437500000e-09	1.873737e-03	5.813906e-02	1.119371e-03
5.524414062500000e-09	1.905041e-03	6.039789e-02	1.183134e-03
5.534179687500000e-09	1.923343e-03	6.271074e-02	1.249635e-03
5.543945312500000e-09	1.925065e-03	6.508001e-02	1.318926e-03
5.553710937500000e-09	1.910225e-03	6.749831e-02	1.390455e-03
5.563476562500000e-09	1.882566e-03	6.995019e-02	1.463321e-03
5.573242187500000e-09	1.847775e-03	7.241298e-02	1.536473e-03
5.583007812500000e-09	1.810691e-03	7.485922e-02	1.608933e-03
5.592773437500000e-09	1.773374e-03	7.726064e-02	1.680005e-03
5.602539062499999e-09	1.735148e-03	7.959265e-02	1.749440e-03
5.612304687499999e-09	1.694255e-03	8.183833e-02	1.817538e-03
5.622070312499999e-09	1.649772e-03	8.399123e-02	1.885141e-03
5.631835937499999e-09	1.602527e-03	8.605602e-02	1.953527e-03
5.641601562499999e-09	1.554646e-03	8.804737e-02	2.024204e-03
5.651367187499999e-09	1.508359e-03	8.998731e-02	2.098653e-03
5.661132812499999e-09	1.465076e-03	9.190143e-02	2.178049e-03
5.670898437499999e-09	1.425351e-03	9.381491e-02	2.263025e-03
5.680664062499999e-09	1.389582e-03	9.574856e-02	2.353514e-03
5.690429687499999e-09	1.358786e-03	9.771578e-02	2.448699e-03
5.700195312499999e-09	1.334795e-03	9.972063e-02	2.547081e-03
5.709960937499998e-09	1.319741e-03	1.017577e-01	2.646632e-03
5.719726562499998e-09	1.315178e-03	1.038132e-01	2.745023e-03
5.729492187499998e-09	1.321431e-03	1.058680e-01	2.839861e-03
5.739257812499998e-09	1.337530e-03	1.079009e-01	2.928905e-03
5.749023437499998e-09	1.361656e-03	1.098917e-01	3.010222e-03
5.758789062499998e-09	1.391746e-03	1.118247e-01	3.082249e-03
5.768554687499998e-09	1.425869e-03	1.136896e-01	3.143773e-03
5.778320312499998e-09	1.462265e-03	1.154821e-01	3.193840e-03
5.788085937499998e-09	1.499170e-03	1.172030e-01	3.231626e-03
5.797851562499998e-09	1.534722e-03	1.188567e-01	3.256325e-03
5.807617187499998e-09	1.567075e-03	1.204485e-01	3.267074e-03
5.817382812499997e-09	1.594700e-03	1.219828e-01	3.262971e-03
5.827148437499997e-09	1.616648e-03	1.234612e-01	3.243163e-03
5.836914062499997e-09	1.632618e-03	1.248822e-01	3.207023e-03
5.846679687499997e-09	1.642763e-03	1.262404e-01	3.154361e-03
5.856445312499997e-09	1.647366e-03	1.275288e-01	3.085634e-03
5.866210937499997e-09	1.646563e-03	1.287399e-01	3.002096e-03
5.875976562499997e-09	1.640241e-03	1.298681e-01	2.905863e-03
5.885742187499997e-09	1.628122e-03	1.309114e-01	2.799842e-03
5.895507812499997e-09	1.609914e-03	1.318731e-01	2.687541e-03
5.905273437499997e-09	1.585456e-03	1.327619e-01	2.572762e-03
5.915039062499996e-09	1.554772e-03	1.335910e-01	2.459232e-03
5.924804687499996e-09	1.518084e-03	1.343767e-01	2.350223e-03
5.934570312499996e-09	1.475828e-03	1.351359e-01	2.248216e-03
5.944335937499996e-09	1.428708e-03	1.358841e-01	2.154683e-03
5.954101562499996e-09	1.377757e-03	1.366326e-01	2.069993e-03
5.963867187499996e-09	1.324351e-03	1.373874e-01	1.993488e-03
5.973632812499996e-09	1.270122e-03	1.381483e-01	1.923690e-03
5.983398437499996e-09	1.216768e-03	1.389092e-01	1.858606e-03
5.993164062499996e-09	1.165816e-03	1.396597e-01	1.796094e-03
6.002929687499996e-09	1.118403e-03	1.403868e-01	1.734199e-03
6.012695312499996e-09	1.075144e-03	1.410776e-01	1.671428e-03
6.022460937499995e-09	1.036102e-03	1.417208e-01	1.606917e-03
6.032226562499995e-09	1.000839e-03	1.423094e-01	1.540458e-03
6.041992187499995e-09	9.685258e-04	1.428406e-01	1.472416e-03
6.051757812499995e-09	9.380798e-04	1.433164e-01	1.403538e-03
6.061523437499995e-09	9.083161e-04	1.437427e-01	1.334723e-03
6.071289062499995e-09	8.781136e-04	1.441280e-01	1.266792e-03
6.081054687499995e-09	8.465746e-04	1.444813e-01	1.200301e-03
6.090820312499995e-09	8.131562e-04	1.448108e-01	1.135454e-03
6.100585937499995e-09	7.777384e-04	1.451224e-01	1.072103e-03
6.110351562499995e-09	7.406117e-04	1.454193e-01	1.009855e-03
6.120117187499995e-09	7.023867e-04	1.457016e-01	9.482382e-04
6.129882812499994e-09	6.638498e-04	1.459673e-01	8.869023e-04
6.139648437499994e-09	6.258051e-04	1.462134e-01	8.257932e-04
6.149414062499994e-09	5.889380e-04	1.464370e-01	7.652722e-04
6.159179687499994e-09	5.537236e-04	1.466367e-01	7.061423e-04
6.168945312499994e-09	5.203887e-04	1.468135e-01	6.495758e-04
6.178710937499994e-09	4.889242e-04	1.469709e-01	5.969510e-04
6.188476562499994e-09	4.591387e-04	1.471149e-01	5.496292e-04
6.198242187499994e-09	4.307423e-04	1.472529e-01	5.087126e-04
6.208007812499994e-09	4.034443e-04	1.473922e-01	4.748312e-04
6.217773437499994e-09	3.770491e-04	1.475393e-01	4.479982e-04
6.227539062499993e-09	3.515265e-04	1.476982e-01	4.275653e-04
6.237304687499993e-09	3.270409e-04	1.478698e-01	4.122869e-04
6.247070312499993e-09	3.039292e-04	1.480515e-01	4.004836e-04
6.256835937499993e-09	2.826315e-04	1.482379e-01	3.902768e-04
6.266601562499993e-09	2.635906e-04	1.484213e-01	3.798536e-04
6.276367187499993e-09	2.471433e-04	1.485936e-01	3.677155e-04
6.286132812499993e-09	2.334288e-04	1.487470e-01	3.528682e-04
6.295898437499993e-09	2.223326e-04	1.488758e-01	3.349232e-04
6.305664062499993e-09	2.134754e-04	1.489770e-01	3.140961e-04
6.315429687499993e-09	2.062506e-04	1.490510e-01	2.911071e-04
6.325195312499993e-09	1.999012e-04	1.491011e-01	2.670069e-04
6.334960937499992e-09	1.936264e-04	1.491329e-01	2.429628e-04
6.344726562499992e-09	1.866967e-04	1.491535e-01	2.200468e-04
6.354492187499992e-09	1.785611e-04	1.491699e-01	1.990623e-04
6.364257812499992e-09	1.689255e-04	1.491881e-01	1.804408e-04
6.374023437499992e-09	1.577889e-04	1.492119e-01	1.642202e-04
6.383789062499992e-09	1.454305e-04	1.492433e-01	1.501042e-04
6.393554687499992e-09	1.323499e-04	1.492815e-01	1.375838e-04
6.403320312499992e-09	1.191748e-04	1.493242e-01	1.260915e-04
6.413085937499992e-09	1.065523e-04	1.493681e-01	1.151542e-04
6.422851562499992e-09	9.504429e-05	1.494097e-01	1.045125e-04
6.432617187499992e-09	8.504637e-05	1.494463e-01	9.418189e-05
6.442382812499991e-09	7.674090e-05	1.494768e-01	8.444513e-05
6.452148437499991e-09	7.009116e-05	1.495015e-01	7.577925e-05
6.461914062499991e-09	6.487402e-05	1.495224e-01	6.873396e-05
6.471679687499991e-09	6.074248e-05	1.495425e-01	6.378838e-05
6.481445312499991e-09	5.730484e-05	1.495652e-01	6.121690e-05
6.491210937499991e-09	5.420408e-05	1.495933e-01	6.099282e-05
6.500976562499991e-09	5.118250e-05	1.496285e-01	6.275030e-05
6.510742187499991e-09	4.811933e-05	1.496707e-01	6.581357e-05
6.520507812499991e-09	4.503557e-05	1.497183e-01	6.928858e-05
6.530273437499991e-09	4.206684e-05	1.497679e-01	7.220011e-05
6.540039062499990e-09	3.941195e-05	1.498154e-01	7.364850e-05
6.549804687499990e-09	3.726930e-05	1.498564e-01	7.295646e-05
6.559570312499990e-09	3.577536e-05	1.498871e-01	6.977870e-05
6.569335937499990e-09	3.495835e-05	1.499049e-01	6.415437e-05
6.579101562499990e-09	3.471664e-05	1.499092e-01	5.649351e-05
6.588867187499990e-09	3.482605e-05	1.499012e-01	4.750089e-05
6.598632812499990e-09	3.497441e-05	1.498839e-01	3.805257e-05
6.608398437499990e-09	3.481623e-05	1.498615e-01	2.904868e-05
6.618164062499990e-09	3.403665e-05	1.498385e-01	2.126924e-05
6.627929687499990e-09	3.241192e-05	1.498193e-01	1.525906e-05
6.637695312499990e-09	2.985439e-05	1.498074e-01	1.126053e-05
6.647460937499989e-09	2.643327e-05	1.498045e-01	9.204005e-06
6.657226562499989e-09	2.236697e-05	1.498109e-01	8.753964e-06
6.666992187499989e-09	1.798855e-05	1.498252e-01	9.398946e-06
6.676757812499989e-09	1.369094e-05	1.498448e-01	1.056545e-05
6.686523437499989e-09	9.862127e-06	1.498666e-01	1.173257e-05
6.696289062499989e-09	6.822618e-06	1.498877e-01	1.252531e-05
6.706054687499989e-09	4.776105e-06	1.499053e-01	1.276963e-05
6.715820312499989e-09	3.781988e-06	1.499183e-01	1.250095e-05
6.725585937499989e-09	3.753737e-06	1.499263e-01	1.192739e-05
6.735351562499989e-09	4.482315e-06	1.499303e-01	1.135784e-05
6.745117187499989e-09	5.679259e-06	1.499321e-01	1.111197e-05
6.754882812499988e-09	7.030617e-06	1.499337e-01	1.143177e-05
6.764648437499988e-09	8.251336e-06	1.499370e-01	1.241351e-05
6.774414062499988e-09	9.130073e-06	1.499435e-01	1.397403e-05
6.784179687499988e-09	9.556720e-06	1.499533e-01	1.585777e-05
6.793945312499988e-09	9.528605e-06	1.499659e-01	1.768258e-05
6.803710937499988e-09	9.135620e-06	1.499797e-01	1.901442e-05
6.813476562499988e-09	8.528648e-06	1.499926e-01	1.945519e-05
6.823242187499988e-09	7.878625e-06	1.500023e-01	1.872598e-05
6.833007812499988e-09	7.335056e-06	1.500070e-01	1.672860e-05
6.842773437499988e-09	6.992448e-06	1.500056e-01	1.357339e-05
6.852539062499987e-09	6.871092e-06	1.499981e-01	9.567681e-06
6.862304687499987e-09	6.915459e-06	1.499855e-01	5.167346e-06
6.872070312499987e-09	7.009772e-06	1.499697e-01	9.008157e-07
6.881835937499987e-09	7.006835e-06	1.499532e-01	-2.719797e-06
6.891601562499987e-09	6.763678e-06	1.499386e-01	-5.283717e-06
6.901367187499987e-09	6.176331e-06	1.499284e-01	-6.547014e-06
6.911132812499987e-09	5.206470e-06	1.499241e-01	-6.467029e-06
6.920898437499987e-09	3.894458e-06	1.499263e-01	-5.200344e-06
6.930664062499987e-09	2.356196e-06	1.499345e-01	-3.065962e-06
6.940429687499987e-09	7.644715e-07	1.499473e-01	-4.818339e-07
6.950195312499987e-09	-6.813827e-07	1.499627e-01	2.112409e-06
6.959960937499986e-09	-1.791491e-06	1.499783e-01	4.331612e-06
6.969726562499986e-09	-2.420032e-06	1.499919e-01	5.906059e-06
6.979492187499986e-09	-2.491787e-06	1.500020e-01	6.716733e-06
6.989257812499986e-09	-2.015683e-06	1.500077e-01	6.799728e-06
6.999023437499986e-09	-1.082971e-06	1.500089e-01	6.320879e-06
7.008789062499986e-09	1.493143e-07	1.500065e-01	5.527364e-06
7.018554687499986e-09	1.486186e-06	1.500020e-01	4.687171e-06
7.028320312499986e-09	2.728379e-06	1.499968e-01	4.029192e-06
7.038085937499986e-09	3.705455e-06	1.499925e-01	3.695937e-06
7.047851562499986e-09	4.302289e-06	1.499902e-01	3.717793e-06
7.057617187499986e-09	4.474326e-06	1.499904e-01	4.013039e-06
7.067382812499985e-09	4.249335e-06	1.499928e-01	4.412461e-06
7.077148437499985e-09	3.716015e-06	1.499967e-01	4.702469e-06
7.086914062499985e-09	3.002320e-06	1.500009e-01	4.677080e-06
7.096679687499985e-09	2.248158e-06	1.500041e-01	4.187652e-06
7.106445312499985e-09	1.578016e-06	1.500053e-01	3.180023e-06
7.116210937499985e-09	1.078770e-06	1.500037e-01	1.711536e-06
7.125976562499985e-09	7.866720e-07	1.499994e-01	-5.530148e-08
7.135742187499985e-09	6.855349e-07	1.499927e-01	-1.881016e-06
7.145507812499985e-09	7.157962e-07	1.499849e-01	-3.493350e-06
7.155273437499985e-09	7.920275e-07	1.499773e-01	-4.638475e-06
7.165039062499985e-09	8.248698e-07	1.499713e-01	-5.129081e-06
7.174804687499984e-09	7.426663e-07	1.499681e-01	-4.879954e-06
7.184570312499984e-09	5.083197e-07	1.499684e-01	-3.924319e-06
7.194335937499984e-09	1.280388e-07	1.499724e-01	-2.408096e-06
7.204101562499984e-09	-3.495972e-07	1.499795e-01	-5.635399e-07
7.213867187499984e-09	-8.438126e-07	1.499886e-01	1.332317e-06
7.223632812499984e-09	-1.258738e-06	1.499984e-01	3.006237e-06
7.233398437499984e-09	-1.503791e-06	1.500074e-01	4.235092e-06
7.243164062499984e-09	-1.513113e-06	1.500143e-01	4.881335e-06
7.252929687499984e-09	-1.260119e-06	1.500182e-01	4.911456e-06
7.262695312499984e-09	-7.642866e-07	1.500189e-01	4.394641e-06
7.272460937499983e-09	-8.890188e-08	1.500165e-01	3.482816e-06
7.282226562499983e-09	6.696866e-07	1.500117e-01	2.376697e-06
7.291992187499983e-09	1.399122e-06	1.500057e-01	1.285005e-06
7.301757812499983e-09	1.991008e-06	1.499997e-01	3.849695e-07
7.311523437499983e-09	2.359932e-06	1.499946e-01	-2.083436e-07
7.321289062499983e-09	2.457932e-06	1.499914e-01	-4.584181e-07
7.331054687499983e-09	2.281801e-06	1.499902e-01	-4.069645e-07
7.340820312499983e-09	1.872050e-06	1.499911e-01	-1.578539e-07
7.350585937499983e-09	1.303979e-06	1.499934e-01	1.506539e-07
7.360351562499983e-09	6.728342e-07	1.499964e-01	3.792023e-07
7.370117187499983e-09	7.603845e-08	1.499992e-01	4.191226e-07
7.379882812499982e-09	-4.040215e-07	1.500011e-01	2.162665e-07
7.389648437499982e-09	-7.134454e-07	1.500015e-01	-2.177121e-07
7.399414062499982e-09	-8.341418e-07	1.500002e-01	-8.085333e-07
7.409179687499982e-09	-7.839393e-07	1.499977e-01	-1.435846e-06
7.418945312499982e-09	-6.098505e-07	1.499944e-01	-1.959418e-06
7.428710937499982e-09	-3.761588e-07	1.499912e-01	-2.249368e-06
7.438476562499982e-09	-1.499380e-07	1.499888e-01	-2.214195e-06
7.448242187499982e-09	1.300298e-08	1.499878e-01	-1.820939e-06
7.458007812499982e-09	7.897415e-08	1.499887e-01	-1.103520e-06
7.467773437499982e-09	4.203967e-08	1.499914e-01	-1.577606e-07
7.477539062499982e-09	-7.645996e-08	1.499956e-01	8.757700e-07
7.487304687499981e-09	-2.381572e-07	1.500006e-01	1.881503e-06
7.490234375000001e-09	-2.893132e-07	1.500022e-01	2.151107e-06
7.494140624999962e-09	-3.519045e-07	1.500044e-01	2.451585e-06
7.500000000000001e-09	-4.349437e-07	1.500074e-01	2.838180e-06
7.500585937500006e-09	-4.411717e-07	1.500077e-01	2.866383e-06
7.501757812500013e-09	-4.531731e-07	1.500082e-01	2.918440e-06
7.504101562500028e-09	-4.868976e-07	1.500092e-01	3.000848e-06
7.508789062500060e-09	-8.616494e-07	1.500109e-01	3.075487e-06
7.518164062500124e-09	-3.959197e-06	1.500128e-01	2.959428e-06
7.527929687500123e-09	-1.351340e-05	1.500123e-01	2.501071e-06
7.537695312500123e-09	-3.450272e-05	1.500073e-01	1.681561e-06
7.547460937500123e-09	-6.962760e-05	1.499950e-01	5.323679e-07
7.555266067631294e-09	-1.082529e-04	1.499762e-01	-6.345244e-07
7.561265963541038e-09	-1.440704e-04	1.499520e-01	-1.729757e-06
7.567095256937836e-09	-1.825555e-04	1.499158e-01	-3.010015e-06
7.573586639018513e-09	-2.277426e-04	1.498553e-01	-4.737291e-06
7.581342189363265e-09	-2.834326e-04	1.497468e-01	-7.275338e-06
7.590688910294582e-09	-3.524627e-04	1.495533e-01	-1.099588e-05
7.600454535294582e-09	-4.277162e-04	1.492649e-01	-1.546965e-05
7.610220160294582e-09	-5.076608e-04	1.488741e-01	-2.005075e-05
7.619985785294582e-09	-5.927817e-04	1.483748e-01	-2.376012e-05
7.629751410294582e-09	-6.816628e-04	1.477707e-01	-2.512194e-05
7.639517035294582e-09	-7.714728e-04	1.470749e-01	-2.225336e-05
7.649282660294581e-09	-8.592191e-04	1.463077e-01	-1.305007e-05
7.659048285294581e-09	-9.427948e-04	1.454945e-01	4.547537e-06
7.668813910294581e-09	-1.021149e-03	1.446624e-01	3.224940e-05
7.678579535294581e-09	-1.093649e-03	1.438360e-01	7.112382e-05
7.688345160294581e-09	-1.159274e-03	1.430345e-01	1.213685e-04
7.698110785294581e-09	-1.216297e-03	1.422690e-01	1.821841e-04
7.707876410294581e-09	-1.262673e-03	1.415406e-01	2.517720e-04
7.717642035294581e-09	-1.296824e-03	1.408409e-01	3.274575e-04
7.727407660294581e-09	-1.318269e-03	1.401534e-01	4.059169e-04
7.737173285294581e-09	-1.327734e-03	1.394565e-01	4.834720e-04
7.746938910294581e-09	-1.326762e-03	1.387265e-01	5.564043e-04
7.756704535294580e-09	-1.317168e-03	1.379413e-01	6.212403e-04
7.766470160294580e-09	-1.300706e-03	1.370825e-01	6.749701e-04
7.776235785294580e-09	-1.279075e-03	1.361373e-01	7.151773e-04
7.786001410294580e-09	-1.254130e-03	1.350990e-01	7.400789e-04
7.795767035294580e-09	-1.228029e-03	1.339662e-01	7.484924e-04
7.805532660294580e-09	-1.203121e-03	1.327419e-01	7.397585e-04
7.815298285294580e-09	-1.181632e-03	1.314312e-01	7.136560e-04
7.825063910294580e-09	-1.165308e-03	1.300394e-01	6.703370e-04
7.834829535294580e-09	-1.155247e-03	1.285708e-01	6.103023e-04
7.844595160294580e-09	-1.151964e-03	1.270276e-01	5.344211e-04
7.854360785294580e-09	-1.155627e-03	1.254098e-01	4.439821e-04
7.864126410294579e-09	-1.166279e-03	1.237160e-01	3.407529e-04
7.873892035294579e-09	-1.183934e-03	1.219448e-01	2.270151e-04
7.883657660294579e-09	-1.208538e-03	1.200964e-01	1.055464e-04
7.893423285294579e-09	-1.239870e-03	1.181736e-01	-2.047247e-05
7.903188910294579e-09	-1.277488e-03	1.161830e-01	-1.476315e-04
7.912954535294579e-09	-1.320757e-03	1.141348e-01	-2.725349e-04
7.922720160294579e-09	-1.368927e-03	1.120423e-01	-3.920849e-04
7.932485785294579e-09	-1.421188e-03	1.099199e-01	-5.037653e-04
7.942251410294579e-09	-1.476661e-03	1.077818e-01	-6.058793e-04
7.952017035294579e-09	-1.534344e-03	1.056398e-01	-6.977009e-04
7.961782660294578e-09	-1.593066e-03	1.035015e-01	-7.795107e-04
7.971548285294578e-09	-1.651507e-03	1.013691e-01	-8.525071e-04
7.981313910294578e-09	-1.708316e-03	9.923946e-02	-9.186041e-04
7.991079535294578e-09	-1.762365e-03	9.710469e-02	-9.801661e-04
8.000000000000000e-09	-1.809385e-03	9.514642e-02	-1.034413e-03
8.006244325293796e-09	-1.839091e-03	9.375636e-02	-1.072041e-03
8.013380697058133e-09	-1.869512e-03	9.214442e-02	-1.116066e-03
8.023146322058133e-09	-1.903585e-03	8.989875e-02	-1.178452e-03
8.032911947058133e-09	-1.925117e-03	8.760001e-02	-1.243864e-03
8.042677572058133e-09	-1.929984e-03	8.524263e-02	-1.312589e-03
8.052443197058133e-09	-1.917604e-03	8.283189e-02	-1.384126e-03
8.062208822058133e-09	-1.891276e-03	8.038186e-02	-1.457467e-03
8.071974447058133e-09	-1.856655e-03	7.791489e-02	-1.531337e-03
8.081740072058132e-09	-1.818958e-03	7.545917e-02	-1.604461e-03
8.091505697058132e-09	-1.780806e-03	7.304465e-02	-1.675847e-03
8.101271322058132e-09	-1.741966e-03	7.069823e-02	-1.745015e-03
8.111036947058132e-09	-1.700833e-03	6.843926e-02	-1.812147e-03
8.120802572058132e-09	-1.656377e-03	6.627631e-02	-1.878107e-03
8.130568197058132e-09	-1.609219e-03	6.420606e-02	-1.944338e-03
8.140333822058132e-09	-1.561337e-03	6.221420e-02	-2.012624e-03
8.150099447058132e-09	-1.514927e-03	6.027812e-02	-2.084785e-03
8.159865072058132e-09	-1.471413e-03	5.837075e-02	-2.162335e-03
8.169630697058132e-09	-1.431321e-03	5.646500e-02	-2.246183e-03
8.179396322058131e-09	-1.394938e-03	5.453797e-02	-2.336428e-03
8.189161947058131e-09	-1.363139e-03	5.257450e-02	-2.432282e-03
8.198927572058131e-09	-1.337687e-03	5.056927e-02	-2.532130e-03
8.208693197058131e-09	-1.320794e-03	4.852733e-02	-2.633720e-03
8.218458822058131e-09	-1.314239e-03	4.646275e-02	-2.734426e-03
8.228224447058131e-09	-1.318640e-03	4.439586e-02	-2.831550e-03
8.237990072058131e-09	-1.333283e-03	4.234954e-02	-2.922591e-03
8.247755697058131e-09	-1.356495e-03	4.034551e-02	-3.005449e-03
8.257521322058131e-09	-1.386237e-03	3.840118e-02	-3.078515e-03
8.267286947058131e-09	-1.420519e-03	3.652777e-02	-3.140650e-03
8.277052572058131e-09	-1.457485e-03	3.472980e-02	-3.191077e-03
8.286818197058130e-09	-1.495265e-03	3.300597e-02	-3.229207e-03
8.296583822058130e-09	-1.531877e-03	3.135103e-02	-3.254473e-03
8.306349447058130e-09	-1.565338e-03	2.975823e-02	-3.266211e-03
8.316115072058130e-09	-1.593970e-03	2.822176e-02	-3.263622e-03
8.325880697058130e-09	-1.616700e-03	2.673875e-02	-3.245847e-03
8.335646322058130e-09	-1.633159e-03	2.531027e-02	-3.212136e-03
8.345411947058130e-09	-1.643521e-03	2.394136e-02	-3.162083e-03
8.355177572058130e-09	-1.648164e-03	2.263982e-02	-3.095870e-03
8.364943197058130e-09	-1.647367e-03	2.141424e-02	-3.014478e-03
8.374708822058130e-09	-1.641157e-03	2.027167e-02	-2.919792e-03
8.384474447058130e-09	-1.629353e-03	1.921539e-02	-2.814579e-03
8.394240072058129e-09	-1.611706e-03	1.824335e-02	-2.702318e-03
8.404005697058129e-09	-1.588038e-03	1.734765e-02	-2.586899e-03
8.413771322058129e-09	-1.558312e-03	1.651513e-02	-2.472237e-03
8.423536947058129e-09	-1.522659e-03	1.572902e-02	-2.361855e-03
8.433302572058129e-09	-1.481403e-03	1.497128e-02	-2.258503e-03
8.443068197058129e-09	-1.435130e-03	1.422529e-02	-2.163889e-03
8.452833822058129e-09	-1.384769e-03	1.347827e-02	-2.078550e-03
8.462599447058129e-09	-1.331622e-03	1.272318e-02	-2.001897e-03
8.472365072058129e-09	-1.277302e-03	1.195952e-02	-1.932416e-03
8.482130697058129e-09	-1.223548e-03	1.119309e-02	-1.867992e-03
8.491896322058129e-09	-1.171980e-03	1.043473e-02	-1.806293e-03
8.501661947058128e-09	-1.123862e-03	9.698158e-03	-1.745158e-03
8.511427572058128e-09	-1.079942e-03	8.997533e-03	-1.682908e-03
8.521193197058128e-09	-1.040393e-03	8.345016e-03	-1.618547e-03
8.530958822058128e-09	-1.004851e-03	7.748857e-03	-1.551818e-03
8.540724447058128e-09	-9.725106e-04	7.212307e-03	-1.483119e-03
8.550490072058128e-09	-9.422667e-04	6.733492e-03	-1.413311e-03
8.560255697058128e-09	-9.128728e-04	6.306203e-03	-1.343454e-03
8.570021322058128e-09	-8.831185e-04	5.921399e-03	-1.274546e-03
8.579786947058128e-09	-8.520058e-04	5.569076e-03	-1.207301e-03
8.589552572058128e-09	-8.188980e-04	5.240121e-03	-1.142027e-03
8.599318197058127e-09	-7.836052e-04	4.927790e-03	-1.078611e-03
8.609083822058127e-09	-7.463862e-04	4.628544e-03	-1.016616e-03
8.618849447058127e-09	-7.078631e-04	4.342124e-03	-9.554605e-04
8.628615072058127e-09	-6.688728e-04	4.070883e-03	-8.946391e-04
8.638380697058127e-09	-6.302972e-04	3.818574e-03	-8.339329e-04
8.648146322058127e-09	-5.929084e-04	3.588880e-03	-7.735589e-04
8.657911947058127e-09	-5.572594e-04	3.384006e-03	-7.142260e-04
8.667677572058127e-09	-5.236312e-04	3.203660e-03	-6.570798e-04
8.677443197058127e-09	-4.920368e-04	3.044623e-03	-6.035444e-04
8.687208822058127e-09	-4.622717e-04	2.901000e-03	-5.550900e-04
8.696974447058127e-09	-4.340030e-04	2.765093e-03	-5.129693e-04
8.706740072058126e-09	-4.068763e-04	2.628728e-03	-4.779748e-04
8.716505697058126e-09	-3.806241e-04	2.484728e-03	-4.502649e-04
8.726271322058126e-09	-3.551514e-04	2.328273e-03	-4.292917e-04
8.736036947058126e-09	-3.305773e-04	2.157838e-03	-4.138485e-04
8.745802572058126e-09	-3.072224e-04	1.975546e-03	-4.022278e-04
8.755568197058126e-09	-2.855430e-04	1.786841e-03	-3.924640e-04
8.765333822058126e-09	-2.660261e-04	1.599568e-03	-3.826167e-04
8.775099447058126e-09	-2.490729e-04	1.422609e-03	-3.710440e-04
8.784865072058126e-09	-2.348929e-04	1.264352e-03	-3.566213e-04
8.794630697058126e-09	-2.234343e-04	1.131273e-03	-3.388654e-04
8.804396322058126e-09	-2.143616e-04	1.026888e-03	-3.179491e-04
8.814161947058125e-09	-2.070848e-04	9.512489e-04	-2.946070e-04
8.823927572058125e-09	-2.008349e-04	9.010751e-04	-2.699557e-04
8.833693197058125e-09	-1.947722e-04	8.704487e-04	-2.452638e-04
8.843458822058125e-09	-1.881110e-04	8.519386e-04	-2.217184e-04
8.853224447058125e-09	-1.802363e-04	8.379158e-04	-2.002285e-04
8.862990072058125e-09	-1.707952e-04	8.218123e-04	-1.813004e-04
8.872755697058125e-09	-1.597430e-04	7.990898e-04	-1.650030e-04
8.882521322058125e-09	-1.473381e-04	7.677558e-04	-1.510227e-04
8.892286947058125e-09	-1.340855e-04	7.283572e-04	-1.387898e-04
8.902052572058125e-09	-1.206417e-04	6.834857e-04	-1.276471e-04
8.911818197058124e-09	-1.076993e-04	6.369263e-04	-1.170217e-04
8.921583822058124e-09	-9.587292e-05	5.926382e-04	-1.065652e-04
8.931349447058124e-09	-8.560753e-05	5.537862e-04	-9.623224e-05
8.941115072058124e-09	-7.712201e-05	5.220181e-04	-8.628528e-05
8.950880697058124e-09	-7.039707e-05	4.971240e-04	-7.722431e-05
8.960646322058124e-09	-6.520552e-05	4.771320e-04	-6.966022e-05
8.970411947058124e-09	-6.117682e-05	4.588024e-04	-6.415870e-05
8.980177572058124e-09	-5.788179e-05	4.384020e-04	-6.108861e-05
8.989943197058124e-09	-5.492197e-05	4.145392e-04	-5.995801e-05
8.990816730883756e-09	-5.466798e-05	4.119604e-04	-6.002068e-05
8.991981442651266e-09	-5.432912e-05	4.083146e-04	-6.016417e-05
8.994310866186287e-09	-5.364815e-05	4.007471e-04	-6.051989e-05
8.995341152929961e-09	-5.334462e-05	3.972407e-04	-6.071452e-05
8.997401726417308e-09	-5.273081e-05	3.898367e-04	-6.118924e-05
9.000000000000001e-09	-5.194998e-05	3.801495e-04	-6.185961e-05
9.000259827358270e-09	-5.187078e-05	3.791276e-04	-6.193687e-05
9.000779482074809e-09	-5.171193e-05	3.770648e-04	-6.209467e-05
9.001818791507886e-09	-5.139167e-05	3.728476e-04	-6.242545e-05
9.003897410374040e-09	-5.073270e-05	3.640512e-04	-6.314082e-05
9.008054648106349e-09	-4.917397e-05	3.451746e-04	-6.471490e-05
9.016369123570966e-09	-4.427537e-05	3.043455e-04	-6.801833e-05
9.025912867788678e-09	-3.329184e-05	2.552743e-04	-7.146243e-05
9.035678492788678e-09	-1.219892e-05	2.067611e-04	-7.384599e-05
9.044327484844418e-09	1.814066e-05	1.713923e-04	-7.423505e-05
9.052814694554972e-09	5.994533e-05	1.530470e-04	-7.234183e-05
9.062580319554972e-09	1.192582e-04	1.640821e-04	-6.716209e-05
9.072345944554971e-09	1.856872e-04	2.246417e-04	-5.884797e-05
9.082111569554971e-09	2.556633e-04	3.517624e-04	-4.768169e-05
9.090705000134164e-09	3.187206e-04	5.293583e-04	-3.603111e-05
9.096915013741212e-09	3.655694e-04	7.088339e-04	-2.686572e-05
9.104046117122546e-09	4.219969e-04	9.793143e-04	-1.626411e-05
9.113811742122546e-09	5.042365e-04	1.443360e-03	-2.964955e-06
9.123577367122546e-09	5.917650e-04	2.006728e-03	7.352968e-06
9.133342992122546e-09	6.831251e-04	2.664983e-03	1.254667e-05
9.143108617122545e-09	7.753219e-04	3.398972e-03	1.050669e-05
9.152874242122545e-09	8.654567e-04	4.184700e-03	-6.601040e-07
9.162639867122545e-09	9.515337e-04	4.996378e-03	-2.241952e-05
9.172405492122545e-09	1.032352e-03	5.809701e-03	-5.562286e-05
9.182171117122545e-09	1.106788e-03	6.604941e-03	-1.003706e-04
9.191936742122545e-09	1.173166e-03	7.369472e-03	-1.559469e-04
9.201702367122545e-09	1.229262e-03	8.099296e-03	-2.208326e-04
9.211467992122545e-09	1.272931e-03	8.799295e-03	-2.927967e-04
9.221233617122545e-09	1.302929e-03	9.482158e-03	-3.690501e-04
9.230999242122545e-09	1.319379e-03	1.016620e-02	-4.464412e-04
9.240764867122545e-09	1.323643e-03	1.087252e-02	-5.216663e-04
9.250530492122544e-09	1.317778e-03	1.162211e-02	-5.914665e-04
9.260296117122544e-09	1.303961e-03	1.243338e-02	-6.527918e-04
9.270061742122544e-09	1.284208e-03	1.332053e-02	-7.029172e-04
9.279827367122544e-09	1.260441e-03	1.429281e-02	-7.395131e-04
9.289592992122544e-09	1.234679e-03	1.535475e-02	-7.606786e-04
9.299358617122544e-09	1.209113e-03	1.650704e-02	-7.649546e-04
9.309124242122544e-09	1.185938e-03	1.774793e-02	-7.513367e-04
9.318889867122544e-09	1.167038e-03	1.907463e-02	-7.192988e-04
9.328655492122544e-09	1.153724e-03	2.048463e-02	-6.688354e-04
9.338421117122544e-09	1.146700e-03	2.197644e-02	-6.005160e-04
9.348186742122543e-09	1.146238e-03	2.354977e-02	-5.155386e-04
9.357952367122543e-09	1.152440e-03	2.520500e-02	-4.157604e-04
9.367717992122543e-09	1.165432e-03	2.694220e-02	-3.036838e-04
9.377483617122543e-09	1.185371e-03	2.875994e-02	-1.823810e-04
9.387249242122543e-09	1.212343e-03	3.065420e-02	-5.534513e-05
9.397014867122543e-09	1.246221e-03	3.261779e-02	7.372540e-05
9.406780492122543e-09	1.286598e-03	3.464028e-02	2.011947e-04
9.416546117122543e-09	1.332816e-03	3.670879e-02	3.237777e-04
9.426311742122543e-09	1.384027e-03	3.880915e-02	4.388124e-04
9.436077367122543e-09	1.439248e-03	4.092764e-02	5.444771e-04
9.445842992122543e-09	1.497350e-03	4.305273e-02	6.399185e-04
9.455608617122542e-09	1.557043e-03	4.517657e-02	7.252718e-04
9.465374242122542e-09	1.616886e-03	4.729614e-02	8.015661e-04
9.475139867122542e-09	1.675386e-03	4.941349e-02	8.705299e-04
9.484905492122542e-09	1.731630e-03	5.153338e-02	9.345758e-04
9.490234375000001e-09	1.760532e-03	5.269640e-02	9.679637e-04
9.500000000000001e-09	1.810809e-03	5.484001e-02	1.027903e-03
9.502929687500001e-09	1.824660e-03	5.549090e-02	1.045836e-03
9.506835937500001e-09	1.842189e-03	5.636585e-02	1.070001e-03
9.514648437500001e-09	1.873724e-03	5.813884e-02	1.119347e-03
9.524414062500001e-09	1.905023e-03	6.039773e-02	1.183120e-03
9.534179687500001e-09	1.923321e-03	6.271065e-02	1.249630e-03
9.543945312500001e-09	1.925041e-03	6.507999e-02	1.318929e-03
9.553710937500001e-09	1.910203e-03	6.749836e-02	1.390464e-03
9.563476562500001e-09	1.882547e-03	6.995030e-02	1.463333e-03
9.573242187500001e-09	1.847762e-03	7.241312e-02	1.536487e-03
9.583007812500001e-09	1.810684e-03	7.485937e-02	1.608948e-03
9.592773437500001e-09	1.773375e-03	7.726078e-02	1.680020e-03
9.602539062500001e-09	1.735156e-03	7.959275e-02	1.749456e-03
9.612304687500000e-09	1.694267e-03	8.183841e-02	1.817556e-03
9.622070312500000e-09	1.649786e-03	8.399128e-02	1.885160e-03
9.631835937500000e-09	1.602541e-03	8.605605e-02	1.953548e-03
9.641601562500000e-09	1.554659e-03	8.804741e-02	2.024226e-03
9.651367187500000e-09	1.508370e-03	8.998734e-02	2.098675e-03
9.661132812500000e-09	1.465084e-03	9.190148e-02	2.178070e-03
9.670898437500000e-09	1.425357e-03	9.381497e-02	2.263042e-03
9.680664062500000e-09	1.389587e-03	9.574863e-02	2.353525e-03
9.690429687500000e-09	1.358789e-03	9.771585e-02	2.448702e-03
9.700195312500000e-09	1.334798e-03	9.972069e-02	2.547074e-03
9.709960937500000e-09	1.319744e-03	1.017577e-01	2.646616e-03
9.719726562499999e-09	1.315181e-03	1.038132e-01	2.744998e-03
9.729492187499999e-09	1.321434e-03	1.058680e-01	2.839829e-03
9.739257812499999e-09	1.337533e-03	1.079008e-01	2.928871e-03
9.749023437499999e-09	1.361659e-03	1.098916e-01	3.010188e-03
9.758789062499999e-09	1.391746e-03	1.118246e-01	3.082220e-03
9.768554687499999e-09	1.425867e-03	1.136895e-01	3.143751e-03
9.778320312499999e-09	1.462258e-03	1.154820e-01	3.193827e-03
9.788085937499999e-09	1.499161e-03	1.172030e-01	3.231623e-03
9.797851562499999e-09	1.534710e-03	1.188567e-01	3.256331e-03
9.807617187499999e-09	1.567062e-03	1.204485e-01	3.267088e-03
9.817382812499998e-09	1.594686e-03	1.219828e-01	3.262990e-03
9.827148437499998e-09	1.616635e-03	1.234613e-01	3.243184e-03
9.836914062499998e-09	1.632609e-03	1.248823e-01	3.207043e-03
9.846679687499998e-09	1.642758e-03	1.262406e-01	3.154379e-03
9.856445312499998e-09	1.647366e-03	1.275290e-01	3.085647e-03
9.866210937499998e-09	1.646567e-03	1.287400e-01	3.002104e-03
9.875976562499998e-09	1.640250e-03	1.298681e-01	2.905866e-03
9.885742187499998e-09	1.628133e-03	1.309114e-01	2.799842e-03
9.895507812499998e-09	1.609927e-03	1.318731e-01	2.687539e-03
9.905273437499998e-09	1.585468e-03	1.327619e-01	2.572759e-03
9.915039062499998e-09	1.554782e-03	1.335910e-01	2.459230e-03
9.924804687499997e-09	1.518091e-03	1.343766e-01	2.350221e-03
9.934570312499997e-09	1.475832e-03	1.351359e-01	2.248216e-03
9.944335937499997e-09	1.428709e-03	1.358841e-01	2.154683e-03
9.954101562499997e-09	1.377755e-03	1.366326e-01	2.069992e-03
9.963867187499997e-09	1.324347e-03	1.373874e-01	1.993486e-03
9.973632812499997e-09	1.270116e-03	1.381483e-01	1.923684e-03
9.983398437499997e-09	1.216762e-03	1.389092e-01	1.858597e-03
9.993164062499997e-09	1.165517e-03	1.396618e-01	1.796088e-03
1.000000000000000e-08	1.131146e-03	1.401806e-01	1.752992e-03
