time	V(probe_1)	V(probe_2)	V(probe_3)
0.000000000000000e+00	0.000000e+00	0.000000e+00	0.000000e+00
1.000000000000000e-09	0.000000e+00	0.000000e+00	0.000000e+00
1.000453437365229e-09	2.162551e-11	1.568377e-15	6.674213e-16
1.001360312095687e-09	4.062299e-10	8.155853e-14	2.737182e-14
1.003174061556602e-09	4.579599e-09	1.631759e-12	4.782933e-13
1.005272281837864e-09	2.441353e-08	1.436513e-11	3.704786e-12
1.007660266136698e-09	9.651126e-08	9.054307e-11	2.064905e-11
1.010278096399255e-09	3.242381e-07	5.272133e-10	1.028404e-10
1.013733402894966e-09	1.048287e-06	2.808047e-09	4.779952e-10
1.017244756690548e-09	2.625931e-06	1.085075e-08	1.639640e-09
1.021045990891976e-09	5.896755e-06	3.676005e-08	4.972998e-09
1.024968847531733e-09	1.198159e-05	1.157608e-07	1.391268e-08
1.030015158659357e-09	2.537456e-05	4.083157e-07	4.307791e-08
1.036022941341085e-09	5.050613e-05	1.288409e-06	1.222934e-07
1.041656401934669e-09	8.502922e-05	3.193573e-06	2.792819e-07
1.047483831692810e-09	1.338211e-04	7.476058e-06	6.047931e-07
1.054292471604141e-09	2.066330e-04	1.786086e-05	1.337139e-06
1.062182909673397e-09	3.078351e-04	4.099669e-05	2.868026e-06
1.069776853520697e-09	4.181956e-04	8.097995e-05	5.366903e-06
1.077512966500915e-09	5.396988e-04	1.502841e-04	9.457583e-06
1.086400567090073e-09	6.857765e-04	2.784667e-04	1.655914e-05
1.096166192090073e-09	8.521446e-04	4.925670e-04	2.755305e-05
1.105931817090073e-09	1.025929e-03	7.995216e-04	4.182630e-05
1.115697442090073e-09	1.209527e-03	1.212856e-03	5.856549e-05
1.125463067090072e-09	1.403608e-03	1.736675e-03	7.581881e-05
1.135228692090072e-09	1.605678e-03	2.366022e-03	9.052744e-05
1.144994317090072e-09	1.810497e-03	3.087166e-03	9.869743e-05
1.154759942090072e-09	2.011872e-03	3.879221e-03	9.578302e-05
1.164525567090072e-09	2.204521e-03	4.716809e-03	7.723088e-05
1.174291192090072e-09	2.384942e-03	5.573337e-03	3.909916e-05
1.184056817090072e-09	2.551037e-03	6.424425e-03	-2.135019e-05
1.193822442090072e-09	2.701042e-03	7.251046e-03	-1.051821e-04
1.203588067090072e-09	2.832659e-03	8.041894e-03	-2.115145e-04
1.213353692090072e-09	2.942964e-03	8.794667e-03	-3.374791e-04
1.223119317090072e-09	3.029129e-03	9.516029e-03	-4.784150e-04
1.232884942090071e-09	3.089445e-03	1.022029e-02	-6.282595e-04
1.242650567090071e-09	3.124067e-03	1.092703e-02	-7.800699e-04
1.252416192090071e-09	3.135090e-03	1.165817e-02	-9.265934e-04
1.262181817090071e-09	3.126039e-03	1.243497e-02	-1.060802e-03
1.271947442090071e-09	3.101126e-03	1.327549e-02	-1.176325e-03
1.281713067090071e-09	3.064656e-03	1.419296e-02	-1.267725e-03
1.291478692090071e-09	3.020802e-03	1.519514e-02	-1.330635e-03
1.301244317090071e-09	2.973652e-03	1.628473e-02	-1.361743e-03
1.311009942090071e-09	2.927320e-03	1.746052e-02	-1.358710e-03
1.320775567090071e-09	2.885882e-03	1.871909e-02	-1.320059e-03
1.330541192090071e-09	2.853116e-03	2.005649e-02	-1.245090e-03
1.340306817090070e-09	2.832126e-03	2.146976e-02	-1.133869e-03
1.350072442090070e-09	2.825073e-03	2.295779e-02	-9.872897e-04
1.359838067090070e-09	2.833126e-03	2.452156e-02	-8.071909e-04
1.369603692090070e-09	2.856653e-03	2.616353e-02	-5.964892e-04
1.379369317090070e-09	2.895534e-03	2.788656e-02	-3.592694e-04
1.389134942090070e-09	2.949441e-03	2.969240e-02	-1.007779e-04
1.398900567090070e-09	3.017960e-03	3.158031e-02	1.727223e-04
1.408666192090070e-09	3.100566e-03	3.354590e-02	4.542522e-04
1.418431817090070e-09	3.196487e-03	3.558077e-02	7.365607e-04
1.428197442090070e-09	3.304570e-03	3.767274e-02	1.012667e-03
1.437963067090069e-09	3.423213e-03	3.980698e-02	1.276435e-03
1.447728692090069e-09	3.550373e-03	4.196764e-02	1.523094e-03
1.457494317090069e-09	3.683640e-03	4.413984e-02	1.749635e-03
1.467259942090069e-09	3.820325e-03	4.631161e-02	1.955009e-03
1.477025567090069e-09	3.957571e-03	4.847544e-02	2.140103e-03
1.486791192090069e-09	4.093401e-03	5.063031e-02	2.309635e-03
1.493113634180138e-09	4.179055e-03	5.201991e-02	2.410615e-03
1.500000000000000e-09	4.268741e-03	5.353099e-02	2.514051e-03
1.502946339666773e-09	4.305891e-03	5.417763e-02	2.556649e-03
1.505892679333545e-09	4.341563e-03	5.482624e-02	2.599047e-03
1.508839019000317e-09	4.375757e-03	5.547681e-02	2.641245e-03
1.511785358667090e-09	4.408475e-03	5.612934e-02	2.683243e-03
1.514731698333862e-09	4.439715e-03	5.678384e-02	2.725041e-03
1.517678038000635e-09	4.469478e-03	5.744031e-02	2.766639e-03
1.520624377667407e-09	4.497763e-03	5.809873e-02	2.808037e-03
1.530390002667407e-09	4.573252e-03	6.030523e-02	2.947675e-03
1.540155627667407e-09	4.614062e-03	6.255519e-02	3.090888e-03
1.549921252667407e-09	4.614912e-03	6.485387e-02	3.238995e-03
1.559686877667407e-09	4.577999e-03	6.719892e-02	3.392019e-03
1.569452502667407e-09	4.512403e-03	6.957924e-02	3.548882e-03
1.579218127667407e-09	4.430063e-03	7.197534e-02	3.707769e-03
1.588983752667406e-09	4.340876e-03	7.436167e-02	3.866620e-03
1.598749377667406e-09	4.249699e-03	7.671055e-02	4.023677e-03
1.608515002667406e-09	4.156564e-03	7.899674e-02	4.177991e-03
1.618280627667406e-09	4.059332e-03	8.120193e-02	4.329778e-03
1.628046252667406e-09	3.956826e-03	8.331788e-02	4.480554e-03
1.637811877667406e-09	3.850583e-03	8.534773e-02	4.632989e-03
1.647577502667406e-09	3.744553e-03	8.730544e-02	4.790496e-03
1.657343127667406e-09	3.643429e-03	8.921319e-02	4.956618e-03
1.667108752667406e-09	3.550926e-03	9.109777e-02	5.134337e-03
1.676874377667406e-09	3.469100e-03	9.298614e-02	5.325429e-03
1.686640002667405e-09	3.398895e-03	9.490125e-02	5.529995e-03
1.696405627667405e-09	3.341317e-03	9.685847e-02	5.746254e-03
1.706171252667405e-09	3.298299e-03	9.886333e-02	5.970629e-03
1.715936877667405e-09	3.272668e-03	1.009108e-01	6.198101e-03
1.725702502667405e-09	3.267232e-03	1.029865e-01	6.422770e-03
1.735468127667405e-09	3.283567e-03	1.050688e-01	6.638503e-03
1.745233752667405e-09	3.321162e-03	1.071330e-01	6.839565e-03
1.754999377667405e-09	3.377316e-03	1.091546e-01	7.021116e-03
1.764765002667405e-09	3.447726e-03	1.111133e-01	7.179501e-03
1.774530627667405e-09	3.527379e-03	1.129952e-01	7.312298e-03
1.784296252667405e-09	3.611301e-03	1.147938e-01	7.418140e-03
1.794061877667404e-09	3.694950e-03	1.165101e-01	7.496377e-03
1.803827502667404e-09	3.774289e-03	1.181504e-01	7.546671e-03
1.813593127667404e-09	3.845755e-03	1.197243e-01	7.568636e-03
1.823358752667404e-09	3.906330e-03	1.212413e-01	7.561616e-03
1.833124377667404e-09	3.953757e-03	1.227090e-01	7.524664e-03
1.842890002667404e-09	3.986770e-03	1.241304e-01	7.456735e-03
1.852655627667404e-09	4.005176e-03	1.255041e-01	7.357054e-03
1.862421252667404e-09	4.009662e-03	1.268241e-01	7.225587e-03
1.872186877667404e-09	4.001372e-03	1.280814e-01	7.063496e-03
1.881952502667404e-09	3.981411e-03	1.292663e-01	6.873483e-03
1.891718127667404e-09	3.950454e-03	1.303710e-01	6.659917e-03
1.901483752667403e-09	3.908622e-03	1.313916e-01	6.428696e-03
1.911249377667403e-09	3.855597e-03	1.323296e-01	6.186843e-03
1.921015002667403e-09	3.790921e-03	1.331929e-01	5.941875e-03
1.930780627667403e-09	3.714337e-03	1.339946e-01	5.701046e-03
1.940546252667403e-09	3.626076e-03	1.347515e-01	5.470571e-03
1.950311877667403e-09	3.527028e-03	1.354820e-01	5.254979e-03
1.960077502667403e-09	3.418809e-03	1.362028e-01	5.056683e-03
1.969843127667403e-09	3.303735e-03	1.369269e-01	4.875841e-03
1.979608752667403e-09	3.184696e-03	1.376615e-01	4.710552e-03
1.989374377667403e-09	3.064945e-03	1.384073e-01	4.557323e-03
1.999140002667402e-09	2.947787e-03	1.391584e-01	4.411736e-03
2.008905627667402e-09	2.836196e-03	1.399036e-01	4.269212e-03
2.018671252667402e-09	2.732419e-03	1.406285e-01	4.125722e-03
2.028436877667402e-09	2.637655e-03	1.413182e-01	3.978351e-03
2.038202502667402e-09	2.551880e-03	1.419594e-01	3.825613e-03
2.047968127667402e-09	2.473881e-03	1.425427e-01	3.667497e-03
2.057733752667402e-09	2.401474e-03	1.430637e-01	3.505244e-03
2.067499377667402e-09	2.331891e-03	1.435236e-01	3.340929e-03
2.077265002667402e-09	2.262228e-03	1.439286e-01	3.176927e-03
2.087030627667402e-09	2.189893e-03	1.442882e-01	3.015393e-03
2.096796252667402e-09	2.112978e-03	1.446137e-01	2.857838e-03
2.106561877667401e-09	2.030497e-03	1.449158e-01	2.704902e-03
2.116327502667401e-09	1.942478e-03	1.452035e-01	2.556339e-03
2.126093127667401e-09	1.849887e-03	1.454820e-01	2.411223e-03
2.135858752667401e-09	1.754428e-03	1.457531e-01	2.268312e-03
2.145624377667401e-09	1.658223e-03	1.460149e-01	2.126500e-03
2.155390002667401e-09	1.563451e-03	1.462634e-01	1.985242e-03
2.165155627667401e-09	1.472004e-03	1.464935e-01	1.844872e-03
2.174921252667401e-09	1.385206e-03	1.467007e-01	1.706739e-03
2.184686877667401e-09	1.303676e-03	1.468826e-01	1.573120e-03
2.194452502667401e-09	1.227324e-03	1.470397e-01	1.446935e-03
2.204218127667401e-09	1.155492e-03	1.471758e-01	1.331296e-03
2.213983752667400e-09	1.087198e-03	1.472972e-01	1.228984e-03
2.223749377667400e-09	1.021430e-03	1.474123e-01	1.141944e-03
2.233515002667400e-09	9.574164e-04	1.475298e-01	1.070895e-03
2.243280627667400e-09	8.948387e-04	1.476570e-01	1.015132e-03
2.253046252667400e-09	8.339255e-04	1.477990e-01	9.725477e-04
2.262811877667400e-09	7.754281e-04	1.479571e-01	9.398887e-04
2.272577502667400e-09	7.204759e-04	1.481293e-01	9.131924e-04
2.282343127667400e-09	6.703449e-04	1.483098e-01	8.883344e-04
2.292108752667400e-09	6.261824e-04	1.484903e-01	8.615927e-04
2.301874377667400e-09	5.887402e-04	1.486616e-01	8.301343e-04
2.311640002667399e-09	5.581707e-04	1.488147e-01	7.923446e-04
2.321405627667399e-09	5.339240e-04	1.489426e-01	7.479512e-04
2.331171252667399e-09	5.147698e-04	1.490412e-01	6.979281e-04
2.340936877667399e-09	4.989432e-04	1.491099e-01	6.442090e-04
2.350702502667399e-09	4.843894e-04	1.491516e-01	5.892674e-04
2.360468127667399e-09	4.690645e-04	1.491722e-01	5.356442e-04
2.370233752667399e-09	4.512393e-04	1.491793e-01	4.855087e-04
2.379999377667399e-09	4.297518e-04	1.491810e-01	4.403274e-04
2.389765002667399e-09	4.041668e-04	1.491846e-01	4.006948e-04
2.399530627667399e-09	3.748153e-04	1.491957e-01	3.663444e-04
2.409296252667399e-09	3.427093e-04	1.492172e-01	3.363260e-04
2.419061877667398e-09	3.093519e-04	1.492493e-01	3.093045e-04
2.428827502667398e-09	2.764753e-04	1.492898e-01	2.839136e-04
2.438593127667398e-09	2.457548e-04	1.493349e-01	2.590923e-04
2.448358752667398e-09	2.185483e-04	1.493800e-01	2.343352e-04
2.458124377667398e-09	1.957043e-04	1.494210e-01	2.098106e-04
2.467890002667398e-09	1.774678e-04	1.494550e-01	1.863243e-04
2.477655627667398e-09	1.634956e-04	1.494811e-01	1.651405e-04
2.487421252667398e-09	1.529731e-04	1.495001e-01	1.476969e-04
2.497186877667398e-09	1.448050e-04	1.495147e-01	1.352731e-04
2.506952502667398e-09	1.378407e-04	1.495287e-01	1.286782e-04
2.516718127667398e-09	1.310929e-04	1.495462e-01	1.280196e-04
2.526483752667397e-09	1.239065e-04	1.495705e-01	1.325992e-04
2.536249377667397e-09	1.160501e-04	1.496036e-01	1.409582e-04
2.546015002667397e-09	1.077169e-04	1.496457e-01	1.510646e-04
2.555780627667397e-09	9.943812e-05	1.496950e-01	1.606091e-04
2.565546252667397e-09	9.193082e-05	1.497478e-01	1.673569e-04
2.575311877667397e-09	8.591139e-05	1.497994e-01	1.694924e-04
2.585077502667397e-09	8.191354e-05	1.498448e-01	1.658963e-04
2.594843127667397e-09	8.014611e-05	1.498794e-01	1.563071e-04
2.604608752667397e-09	8.041841e-05	1.499002e-01	1.413396e-04
2.614374377667397e-09	8.214693e-05	1.499059e-01	1.223623e-04
2.624140002667396e-09	8.444169e-05	1.498975e-01	1.012556e-04
2.633905627667396e-09	8.625535e-05	1.498777e-01	8.009778e-05
2.643671252667396e-09	8.656659e-05	1.498510e-01	6.083397e-05
2.653436877667396e-09	8.456306e-05	1.498224e-01	4.498592e-05
2.663202502667396e-09	7.978994e-05	1.497969e-01	3.345023e-05
2.672968127667396e-09	7.223679e-05	1.497787e-01	2.641547e-05
2.682733752667396e-09	6.234706e-05	1.497705e-01	2.340610e-05
2.692499377667396e-09	5.094923e-05	1.497732e-01	2.343771e-05
2.702265002667396e-09	3.912240e-05	1.497858e-01	2.524910e-05
2.712030627667396e-09	2.802116e-05	1.498061e-01	2.756436e-05
2.721796252667396e-09	1.869092e-05	1.498305e-01	2.933477e-05
2.731561877667395e-09	1.190620e-05	1.498557e-01	2.991673e-05
2.741327502667395e-09	8.059062e-06	1.498783e-01	2.915583e-05
2.751093127667395e-09	7.115592e-06	1.498960e-01	2.736616e-05
2.760858752667395e-09	8.645326e-06	1.499078e-01	2.521444e-05
2.770624377667395e-09	1.191562e-05	1.499140e-01	2.353600e-05
2.780390002667395e-09	1.603166e-05	1.499161e-01	2.312196e-05
2.790155627667395e-09	2.009541e-05	1.499164e-01	2.452092e-05
2.799921252667395e-09	2.335452e-05	1.499172e-01	2.789440e-05
2.809686877667395e-09	2.531530e-05	1.499207e-01	3.295379e-05
2.819452502667395e-09	2.580143e-05	1.499281e-01	3.899032e-05
2.829218127667395e-09	2.495080e-05	1.499397e-01	4.499128e-05
2.838983752667394e-09	2.315455e-05	1.499547e-01	4.981957e-05
2.848749377667394e-09	2.095281e-05	1.499710e-01	5.242187e-05
2.858515002667394e-09	1.890895e-05	1.499864e-01	5.202580e-05
2.868280627667394e-09	1.748729e-05	1.499984e-01	4.828928e-05
2.878046252667394e-09	1.695752e-05	1.500047e-01	4.137457e-05
2.887811877667394e-09	1.734299e-05	1.500041e-01	3.193372e-05
2.897577502667394e-09	1.842133e-05	1.499965e-01	2.100886e-05
2.907343127667394e-09	1.977538e-05	1.499828e-01	9.865901e-06
2.917108752667394e-09	2.088315e-05	1.499649e-01	-2.078436e-07
2.926874377667394e-09	2.122830e-05	1.499456e-01	-8.106064e-06
2.936640002667394e-09	2.040934e-05	1.499279e-01	-1.307048e-05
2.946405627667393e-09	1.822633e-05	1.499144e-01	-1.479456e-05
2.956171252667393e-09	1.472900e-05	1.499070e-01	-1.344803e-05
2.965936877667393e-09	1.021728e-05	1.499069e-01	-9.620934e-06
2.975702502667393e-09	5.194786e-06	1.499138e-01	-4.200393e-06
2.985468127667393e-09	2.842922e-07	1.499265e-01	1.795407e-06
2.995233752667393e-09	-3.878791e-06	1.499432e-01	7.394712e-06
3.004999377667393e-09	-6.755243e-06	1.499612e-01	1.182927e-05
3.014765002667393e-09	-7.993418e-06	1.499782e-01	1.464418e-05
3.024530627667393e-09	-7.487060e-06	1.499920e-01	1.574342e-05
3.034296252667393e-09	-5.389901e-06	1.500013e-01	1.536661e-05
3.044061877667392e-09	-2.085422e-06	1.500057e-01	1.400528e-05
3.053827502667392e-09	1.881727e-06	1.500056e-01	1.227770e-05
3.063593127667392e-09	5.899451e-06	1.500020e-01	1.078818e-05
3.073358752667392e-09	9.389808e-06	1.499967e-01	9.998432e-06
3.083124377667392e-09	1.190036e-05	1.499913e-01	1.013513e-05
3.092890002667392e-09	1.316962e-05	1.499873e-01	1.114998e-05
3.102655627667392e-09	1.315631e-05	1.499857e-01	1.273804e-05
3.112421252667392e-09	1.202869e-05	1.499868e-01	1.440854e-05
3.122186877667392e-09	1.011815e-05	1.499903e-01	1.559293e-05
3.131952502667392e-09	7.846839e-06	1.499950e-01	1.576802e-05
3.141718127667392e-09	5.643987e-06	1.499998e-01	1.456980e-05
3.151483752667391e-09	3.866609e-06	1.500032e-01	1.187613e-05
3.161249377667391e-09	2.738952e-06	1.500042e-01	7.842578e-06
3.171015002667391e-09	2.320895e-06	1.500021e-01	2.885248e-06
3.180780627667391e-09	2.509728e-06	1.499969e-01	-2.385859e-06
3.190546252667391e-09	3.073344e-06	1.499891e-01	-7.269926e-06
3.200311877667391e-09	3.707064e-06	1.499800e-01	-1.109549e-05
3.210077502667391e-09	4.102243e-06	1.499710e-01	-1.333550e-05
3.219843127667391e-09	4.012991e-06	1.499637e-01	-1.369649e-05
3.229608752667391e-09	3.308237e-06	1.499593e-01	-1.216630e-05
3.239374377667391e-09	1.999536e-06	1.499587e-01	-9.012560e-06
3.249140002667391e-09	2.399358e-07	1.499621e-01	-4.733469e-06
3.258905627667390e-09	-1.705190e-06	1.499692e-01	2.933146e-08
3.268671252667390e-09	-3.509158e-06	1.499790e-01	4.599206e-06
3.278436877667390e-09	-4.846716e-06	1.499900e-01	8.374616e-06
3.288202502667390e-09	-5.456433e-06	1.500008e-01	1.092146e-05
3.297968127667390e-09	-5.191017e-06	1.500099e-01	1.203219e-05
3.307733752667390e-09	-4.046369e-06	1.500161e-01	1.174279e-05
3.317499377667390e-09	-2.164327e-06	1.500189e-01	1.030664e-05
3.327265002667390e-09	1.909488e-07	1.500182e-01	8.132104e-06
3.337030627667390e-09	2.678203e-06	1.500146e-01	5.696879e-06
3.346796252667390e-09	4.937287e-06	1.500090e-01	3.455958e-06
3.356561877667389e-09	6.649605e-06	1.500025e-01	1.760191e-06
3.366327502667389e-09	7.589944e-06	1.499963e-01	7.999519e-07
3.376093127667389e-09	7.660694e-06	1.499915e-01	5.829681e-07
3.385858752667389e-09	6.902951e-06	1.499886e-01	9.487045e-07
3.395624377667389e-09	5.483297e-06	1.499879e-01	1.614725e-06
3.405390002667389e-09	3.659522e-06	1.499891e-01	2.244680e-06
3.415155627667389e-09	1.732192e-06	1.499915e-01	2.523922e-06
3.424921252667389e-09	-8.724271e-09	1.499944e-01	2.227829e-06
3.434686877667389e-09	-1.332436e-06	1.499968e-01	1.269871e-06
3.444452502667389e-09	-2.102636e-06	1.499982e-01	-2.792717e-07
3.454218127667389e-09	-2.293835e-06	1.499980e-01	-2.204483e-06
3.463983752667388e-09	-1.986696e-06	1.499962e-01	-4.187646e-06
3.473749377667388e-09	-1.344279e-06	1.499932e-01	-5.869220e-06
3.483515002667388e-09	-5.622622e-07	1.499895e-01	-6.992189e-06
3.490234375000000e-09	-6.390678e-08	1.499870e-01	-7.218603e-06
3.500000000000000e-09	5.383293e-07	1.499837e-01	-6.895445e-06
3.500976562500000e-09	5.731646e-07	1.499835e-01	-6.780217e-06
3.502929687500001e-09	6.206469e-07	1.499831e-01	-6.520279e-06
3.506835937500000e-09	4.008074e-07	1.499825e-01	-5.867238e-06
3.514648437500000e-09	-2.710794e-06	1.499823e-01	-4.193656e-06
3.524414062500000e-09	-1.596218e-05	1.499835e-01	-1.680103e-06
3.534179687500000e-09	-4.830550e-05	1.499852e-01	9.880250e-07
3.543945312500000e-09	-1.092806e-04	1.499847e-01	3.286860e-06
3.553710937500000e-09	-2.031026e-04	1.499761e-01	4.521323e-06
3.563476562500000e-09	-3.268544e-04	1.499493e-01	3.889218e-06
3.573242187500000e-09	-4.723140e-04	1.498897e-01	5.452125e-07
3.583007812500000e-09	-6.303575e-04	1.497792e-01	-6.273608e-06
3.592773437499999e-09	-7.950930e-04	1.495977e-01	-1.705054e-05
3.602539062499999e-09	-9.654053e-04	1.493264e-01	-3.173680e-05
3.612304687499999e-09	-1.143458e-03	1.489511e-01	-4.949092e-05
3.622070312499999e-09	-1.331533e-03	1.484647e-01	-6.848013e-05
3.631835937499999e-09	-1.529309e-03	1.478692e-01	-8.581627e-05
3.641601562499999e-09	-1.733032e-03	1.471757e-01	-9.767863e-05
3.651367187499999e-09	-1.936689e-03	1.464031e-01	-9.963608e-05
3.661132812499999e-09	-2.134089e-03	1.455760e-01	-8.713506e-05
3.670898437499999e-09	-2.320507e-03	1.447211e-01	-5.608088e-05
3.680664062499999e-09	-2.493049e-03	1.438640e-01	-3.418259e-06
3.690429687499998e-09	-2.649878e-03	1.430260e-01	7.238343e-05
3.700195312499998e-09	-2.789085e-03	1.422211e-01	1.710162e-04
3.709960937499998e-09	-2.908081e-03	1.414548e-01	2.902357e-04
3.719726562499998e-09	-3.003897e-03	1.407234e-01	4.259876e-04
3.729492187499999e-09	-3.074150e-03	1.400148e-01	5.727321e-04
3.739257812499998e-09	-3.118054e-03	1.393111e-01	7.239099e-04
3.749023437499998e-09	-3.136911e-03	1.385908e-01	8.724761e-04
3.758789062499998e-09	-3.133877e-03	1.378321e-01	1.011423e-03
3.768554687499998e-09	-3.113228e-03	1.370156e-01	1.134222e-03
3.778320312499998e-09	-3.079570e-03	1.361264e-01	1.235142e-03
3.788085937499998e-09	-3.037343e-03	1.351550e-01	1.309411e-03
3.797851562499998e-09	-2.990718e-03	1.340969e-01	1.353265e-03
3.807617187499998e-09	-2.943720e-03	1.329522e-01	1.363889e-03
3.817382812499998e-09	-2.900310e-03	1.317238e-01	1.339336e-03
3.827148437499998e-09	-2.864275e-03	1.304153e-01	1.278453e-03
3.836914062499998e-09	-2.838923e-03	1.290301e-01	1.180877e-03
3.846679687499997e-09	-2.826750e-03	1.275698e-01	1.047087e-03
3.856445312499997e-09	-2.829277e-03	1.260339e-01	8.785277e-04
3.866210937499997e-09	-2.847130e-03	1.244203e-01	6.777439e-04
3.875976562499997e-09	-2.880319e-03	1.227259e-01	4.484866e-04
3.885742187499997e-09	-2.928562e-03	1.209485e-01	1.957301e-04
3.895507812499997e-09	-2.991496e-03	1.190878e-01	-7.444301e-05
3.905273437499997e-09	-3.068716e-03	1.171471e-01	-3.551126e-04
3.915039062499997e-09	-3.159652e-03	1.151334e-01	-6.389401e-04
3.924804687499997e-09	-3.263397e-03	1.130580e-01	-9.186994e-04
3.934570312499997e-09	-3.378576e-03	1.109350e-01	-1.187857e-03
3.944335937499996e-09	-3.503302e-03	1.087803e-01	-1.441120e-03
3.954101562499996e-09	-3.635235e-03	1.066095e-01	-1.674880e-03
3.963867187499996e-09	-3.771685e-03	1.044359e-01	-1.887464e-03
3.973632812499996e-09	-3.909742e-03	1.022685e-01	-2.079181e-03
3.983398437499996e-09	-4.046819e-03	1.001109e-01	-2.253173e-03
3.990234375000000e-09	-4.140201e-03	9.860663e-02	-2.364761e-03
4.000000000000000e-09	-4.269804e-03	9.646233e-02	-2.515153e-03
4.006835937500000e-09	-4.353709e-03	9.495904e-02	-2.613645e-03
4.014648437499999e-09	-4.440648e-03	9.322947e-02	-2.724407e-03
4.024414062499999e-09	-4.531948e-03	9.104429e-02	-2.862881e-03
4.034179687499999e-09	-4.594818e-03	8.882268e-02	-3.003571e-03
4.043945312499999e-09	-4.620104e-03	8.655484e-02	-3.148433e-03
4.053710937499999e-09	-4.605287e-03	8.423823e-02	-3.298251e-03
4.063476562499999e-09	-4.555583e-03	8.187850e-02	-3.452584e-03
4.073242187499999e-09	-4.481809e-03	7.949013e-02	-3.610033e-03
4.083007812499999e-09	-4.395660e-03	7.709530e-02	-3.768661e-03
4.092773437499999e-09	-4.305268e-03	7.472090e-02	-3.926513e-03
4.102539062499998e-09	-4.213426e-03	7.239420e-02	-4.082148e-03
4.112304687499998e-09	-4.118925e-03	7.013816e-02	-4.235093e-03
4.122070312499998e-09	-4.019660e-03	6.796747e-02	-4.386111e-03
4.131835937499998e-09	-3.915393e-03	6.588595e-02	-4.537223e-03
4.141601562499998e-09	-3.808710e-03	6.388608e-02	-4.691450e-03
4.151367187499998e-09	-3.704062e-03	6.195032e-02	-4.852311e-03
4.161132812499998e-09	-3.605915e-03	6.005425e-02	-5.023171e-03
4.170898437499998e-09	-3.517354e-03	5.817053e-02	-5.206554e-03
4.180664062499998e-09	-3.439899e-03	5.627332e-02	-5.403566e-03
4.190429687499998e-09	-3.374403e-03	5.434232e-02	-5.613524e-03
4.200195312499998e-09	-3.322194e-03	5.236585e-02	-5.833875e-03
4.209960937499997e-09	-3.285627e-03	5.034257e-02	-6.060393e-03
4.219726562499997e-09	-3.267667e-03	4.828141e-02	-6.287629e-03
4.229492187499997e-09	-3.270778e-03	4.619996e-02	-6.509522e-03
4.239257812499997e-09	-3.295772e-03	4.412149e-02	-6.720045e-03
4.249023437499997e-09	-3.341234e-03	4.207112e-02	-6.913796e-03
4.258789062499997e-09	-3.403720e-03	4.007203e-02	-7.086413e-03
4.268554687499997e-09	-3.478517e-03	3.814230e-02	-7.234765e-03
4.278320312499997e-09	-3.560535e-03	3.629293e-02	-7.356904e-03
4.288085937499997e-09	-3.644924e-03	3.452729e-02	-7.451808e-03
4.297851562499997e-09	-3.727333e-03	3.284206e-02	-7.519010e-03
4.307617187499996e-09	-3.803910e-03	3.122929e-02	-7.558190e-03
4.317382812499996e-09	-3.871302e-03	2.967906e-02	-7.568869e-03
4.327148437499996e-09	-3.926777e-03	2.818231e-02	-7.550260e-03
4.336914062499996e-09	-3.968466e-03	2.673306e-02	-7.501331e-03
4.346679687499996e-09	-3.995550e-03	2.532991e-02	-7.421085e-03
4.356445312499996e-09	-4.008239e-03	2.397626e-02	-7.308973e-03
4.366210937499996e-09	-4.007472e-03	2.267950e-02	-7.165378e-03
4.375976562499996e-09	-3.994442e-03	2.144913e-02	-6.992038e-03
4.385742187499996e-09	-3.970123e-03	2.029445e-02	-6.792308e-03
4.395507812499996e-09	-3.934970e-03	1.922204e-02	-6.571192e-03
4.405273437499996e-09	-3.888895e-03	1.823378e-02	-6.335092e-03
4.415039062499995e-09	-3.831474e-03	1.732565e-02	-6.091308e-03
4.424804687499995e-09	-3.762272e-03	1.648771e-02	-5.847340e-03
4.434570312499995e-09	-3.681184e-03	1.570514e-02	-5.610115e-03
4.444335937499995e-09	-3.588672e-03	1.496024e-02	-5.385242e-03
4.454101562499995e-09	-3.485903e-03	1.423501e-02	-5.176440e-03
4.463867187499995e-09	-3.374773e-03	1.351386e-02	-4.985224e-03
4.473632812499995e-09	-3.257842e-03	1.278587e-02	-4.810893e-03
4.483398437499995e-09	-3.138178e-03	1.204637e-02	-4.650844e-03
4.493164062499995e-09	-3.019099e-03	1.129738e-02	-4.501132e-03
4.502929687499995e-09	-2.903833e-03	1.054704e-02	-4.357188e-03
4.512695312499995e-09	-2.795114e-03	9.808003e-03	-4.214576e-03
4.522460937499994e-09	-2.694813e-03	9.095162e-03	-4.069663e-03
4.532226562499994e-09	-2.603657e-03	8.423137e-03	-3.920085e-03
4.541992187499994e-09	-2.521141e-03	7.803896e-03	-3.764961e-03
4.551757812499994e-09	-2.445630e-03	7.244957e-03	-3.604826e-03
4.561523437499994e-09	-2.374657e-03	6.748446e-03	-3.441319e-03
4.571289062499994e-09	-2.305344e-03	6.311120e-03	-3.276708e-03
4.581054687499994e-09	-2.234858e-03	5.925304e-03	-3.113346e-03
4.590820312499994e-09	-2.160840e-03	5.580508e-03	-2.953180e-03
4.600585937499994e-09	-2.081725e-03	5.265406e-03	-2.797394e-03
4.610351562499994e-09	-1.996930e-03	4.969784e-03	-2.646264e-03
4.620117187499993e-09	-1.906874e-03	4.686096e-03	-2.499236e-03
4.629882812499993e-09	-1.812850e-03	4.410381e-03	-2.355202e-03
4.639648437499993e-09	-1.716775e-03	4.142391e-03	-2.212912e-03
4.649414062499993e-09	-1.620841e-03	3.884962e-03	-2.071424e-03
4.659179687499993e-09	-1.527157e-03	3.642801e-03	-1.930502e-03
4.668945312499993e-09	-1.437418e-03	3.420939e-03	-1.790870e-03
4.678710937499993e-09	-1.352680e-03	3.223195e-03	-1.654256e-03
4.688476562499993e-09	-1.273271e-03	3.050944e-03	-1.523233e-03
4.698242187499993e-09	-1.198849e-03	2.902439e-03	-1.400854e-03
4.708007812499993e-09	-1.128590e-03	2.772810e-03	-1.290163e-03
4.717773437499993e-09	-1.061458e-03	2.654728e-03	-1.193670e-03
4.727539062499992e-09	-9.964990e-04	2.539601e-03	-1.112876e-03
4.737304687499992e-09	-9.330958e-04	2.419072e-03	-1.047954e-03
4.747070312499992e-09	-8.711361e-04	2.286509e-03	-9.976344e-04
4.756835937499992e-09	-8.110625e-04	2.138226e-03	-9.593201e-04
4.766601562499992e-09	-7.537982e-04	1.974185e-03	-9.294216e-04
4.776367187499992e-09	-7.005631e-04	1.798060e-03	-9.038469e-04
4.786132812499992e-09	-6.526193e-04	1.616653e-03	-8.785677e-04
4.795898437499992e-09	-6.109919e-04	1.438762e-03	-8.501632e-04
4.805664062499992e-09	-5.762207e-04	1.273724e-03	-8.162535e-04
4.815429687499992e-09	-5.481913e-04	1.129874e-03	-7.757521e-04
4.825195312499992e-09	-5.260794e-04	1.013217e-03	-7.289022e-04
4.834960937499991e-09	-5.084233e-04	9.265058e-04	-6.771011e-04
4.844726562499991e-09	-4.933118e-04	8.689088e-04	-6.225521e-04
4.854492187499991e-09	-4.786575e-04	8.362733e-04	-5.678135e-04
4.864257812499991e-09	-4.625050e-04	8.219354e-04	-5.153294e-04
4.874023437499991e-09	-4.433216e-04	8.179038e-04	-4.670243e-04
4.883789062499991e-09	-4.202174e-04	8.161946e-04	-4.240312e-04
4.893554687499991e-09	-3.930598e-04	8.100774e-04	-3.865928e-04
4.903320312499991e-09	-3.624639e-04	7.950164e-04	-3.541410e-04
4.913085937499991e-09	-3.296623e-04	7.691566e-04	-3.255295e-04
4.922851562499991e-09	-2.962823e-04	7.332966e-04	-2.993629e-04
4.932617187499990e-09	-2.640681e-04	6.903836e-04	-2.743528e-04
4.942382812499990e-09	-2.345989e-04	6.446520e-04	-2.496282e-04
4.952148437499990e-09	-2.090508e-04	6.005900e-04	-2.249386e-04
4.961914062499990e-09	-1.880398e-04	5.619382e-04	-2.007128e-04
4.971679687499990e-09	-1.715711e-04	5.309097e-04	-1.779638e-04
4.981445312499990e-09	-1.590960e-04	5.077728e-04	-1.580624e-04
4.991210937499990e-09	-1.496278e-04	4.908248e-04	-1.422803e-04
5.000000000000000e-09	-1.426322e-04	4.785376e-04	-1.314106e-04
5.000878906250001e-09	-1.420361e-04	4.774336e-04	-1.307602e-04
5.002636718750003e-09	-1.408479e-04	4.751782e-04	-1.296146e-04
5.006152343750008e-09	-1.384204e-04	4.704019e-04	-1.279293e-04
5.010628778767036e-09	-1.345385e-04	4.632989e-04	-1.271285e-04
5.019581648801091e-09	-1.213260e-04	4.451070e-04	-1.290458e-04
5.029347273801091e-09	-9.274078e-05	4.188640e-04	-1.349894e-04
5.039112898801091e-09	-3.938554e-05	3.858683e-04	-1.438472e-04
5.048878523801091e-09	4.594695e-05	3.502197e-04	-1.533419e-04
5.058644148801091e-09	1.633872e-04	3.215063e-04	-1.607372e-04
5.068409773801091e-09	3.061900e-04	3.148657e-04	-1.633463e-04
5.077927382395071e-09	4.601885e-04	3.443964e-04	-1.596204e-04
5.084750942843389e-09	5.753394e-04	3.976389e-04	-1.522869e-04
5.089132144257064e-09	6.503779e-04	4.556688e-04	-1.446948e-04
5.094959606090506e-09	7.509402e-04	5.660214e-04	-1.312418e-04
5.100702731946213e-09	8.516726e-04	7.173106e-04	-1.146270e-04
5.110177567277352e-09	1.023243e-03	1.058929e-03	-8.177730e-05
5.119943192277352e-09	1.208605e-03	1.522341e-03	-4.423775e-05
5.129708817277352e-09	1.403829e-03	2.106915e-03	-6.549014e-06
5.139474442277352e-09	1.606546e-03	2.801137e-03	2.585778e-05
5.149240067277352e-09	1.811812e-03	3.583248e-03	4.702042e-05
5.159005692277352e-09	2.014031e-03	4.425060e-03	5.118705e-05
5.168771317277352e-09	2.208543e-03	5.295735e-03	3.353109e-05
5.178536942277352e-09	2.392100e-03	6.165879e-03	-9.223977e-06
5.188302567277352e-09	2.562217e-03	7.011344e-03	-7.836585e-05
5.198068192277351e-09	2.716151e-03	7.816218e-03	-1.730020e-04
5.207833817277351e-09	2.850346e-03	8.574607e-03	-2.901328e-04
5.217599442277351e-09	2.960789e-03	9.290937e-03	-4.249623e-04
5.227365067277351e-09	3.044069e-03	9.978768e-03	-5.713843e-04
5.237130692277351e-09	3.098533e-03	1.065833e-02	-7.225566e-04
5.246896317277351e-09	3.124929e-03	1.135326e-02	-8.714730e-04
5.256661942277351e-09	3.126278e-03	1.208715e-02	-1.011449e-03
5.266427567277351e-09	3.107154e-03	1.288049e-02	-1.136460e-03
5.276193192277351e-09	3.072795e-03	1.374852e-02	-1.241317e-03
5.285958817277351e-09	3.028444e-03	1.470037e-02	-1.321671e-03
5.295724442277351e-09	2.979063e-03	1.573926e-02	-1.373923e-03
5.305490067277350e-09	2.929308e-03	1.686384e-02	-1.395077e-03
5.315255692277350e-09	2.883542e-03	1.807012e-02	-1.382628e-03
5.325021317277350e-09	2.845702e-03	1.935352e-02	-1.334544e-03
5.334786942277350e-09	2.819026e-03	2.071072e-02	-1.249359e-03
5.344552567277350e-09	2.805786e-03	2.214086e-02	-1.126391e-03
5.354318192277350e-09	2.807192e-03	2.364585e-02	-9.660322e-04
5.364083817277350e-09	2.823548e-03	2.522979e-02	-7.700454e-04
5.373849442277350e-09	2.854616e-03	2.689776e-02	-5.417932e-04
5.383615067277350e-09	2.900006e-03	2.865395e-02	-2.863132e-04
5.393380692277350e-09	2.959439e-03	3.049989e-02	-1.019258e-05
5.403146317277350e-09	3.032792e-03	3.243296e-02	2.787815e-04
5.412911942277349e-09	3.119942e-03	3.444558e-02	5.721733e-04
5.422677567277349e-09	3.220513e-03	3.652531e-02	8.615933e-04
5.432443192277349e-09	3.333635e-03	3.865590e-02	1.139444e-03
5.442208817277349e-09	3.457811e-03	4.081910e-02	1.399613e-03
5.451974442277349e-09	3.590881e-03	4.299694e-02	1.638004e-03
5.461740067277349e-09	3.730098e-03	4.517411e-02	1.852840e-03
5.471505692277349e-09	3.872256e-03	4.733996e-02	2.044667e-03
5.481271317277349e-09	4.013889e-03	4.948992e-02	2.216091e-03
5.491036942277349e-09	4.151694e-03	5.162592e-02	2.371443e-03
5.500000000000000e-09	4.274056e-03	5.357938e-02	2.505198e-03
5.506274140405857e-09	4.352760e-03	5.494763e-02	2.593249e-03
5.513444586583978e-09	4.434361e-03	5.652192e-02	2.693090e-03
5.523210211583978e-09	4.528145e-03	5.869008e-02	2.830125e-03
5.532975836583978e-09	4.593574e-03	6.089685e-02	2.970452e-03
5.542741461583978e-09	4.621047e-03	6.315359e-02	3.115839e-03
5.552507086583978e-09	4.607599e-03	6.546360e-02	3.266696e-03
5.562272711583978e-09	4.558068e-03	6.782138e-02	3.422159e-03
5.572038336583978e-09	4.483344e-03	7.021210e-02	3.580457e-03
5.581803961583977e-09	4.395720e-03	7.261284e-02	3.739412e-03
5.591569586583977e-09	4.304212e-03	7.499561e-02	3.896997e-03
5.601335211583977e-09	4.212338e-03	7.733192e-02	4.051880e-03
5.611100836583977e-09	4.119127e-03	7.959755e-02	4.203831e-03
5.620866461583977e-09	4.022145e-03	8.177680e-02	4.353944e-03
5.630632086583977e-09	3.920468e-03	8.386517e-02	4.504574e-03
5.640397711583977e-09	3.815965e-03	8.586994e-02	4.659011e-03
5.650163336583977e-09	3.712609e-03	8.780879e-02	4.820921e-03
5.659928961583977e-09	3.614719e-03	8.970661e-02	4.993660e-03
5.669694586583977e-09	3.525487e-03	9.159134e-02	5.179587e-03
5.679460211583976e-09	3.446644e-03	9.348942e-02	5.379509e-03
5.689225836583976e-09	3.379233e-03	9.542164e-02	5.592372e-03
5.698991461583976e-09	3.324733e-03	9.739995e-02	5.815239e-03
5.708757086583976e-09	3.285657e-03	9.942575e-02	6.043564e-03
5.718522711583976e-09	3.265186e-03	1.014899e-01	6.271702e-03
5.728288336583976e-09	3.266062e-03	1.035746e-01	6.493556e-03
5.738053961583976e-09	3.289376e-03	1.056560e-01	6.703241e-03
5.747819586583976e-09	3.333892e-03	1.077088e-01	6.895650e-03
5.757585211583976e-09	3.396172e-03	1.097095e-01	7.066828e-03
5.767350836583976e-09	3.471335e-03	1.116401e-01	7.214099e-03
5.777116461583976e-09	3.554003e-03	1.134899e-01	7.335944e-03
5.786882086583975e-09	3.639029e-03	1.152558e-01	7.431682e-03
5.796647711583975e-09	3.721838e-03	1.169419e-01	7.501039e-03
5.806413336583975e-09	3.798484e-03	1.185568e-01	7.543720e-03
5.816178961583975e-09	3.865640e-03	1.201110e-01	7.559095e-03
5.825944586583975e-09	3.920696e-03	1.216140e-01	7.546072e-03
5.835710211583975e-09	3.961955e-03	1.230718e-01	7.503215e-03
5.845475836583975e-09	3.988783e-03	1.244856e-01	7.429074e-03
5.855241461583975e-09	4.001572e-03	1.258517e-01	7.322666e-03
5.865007086583975e-09	4.001418e-03	1.271618e-01	7.184017e-03
5.874772711583975e-09	3.989628e-03	1.284058e-01	7.014624e-03
5.884538336583975e-09	3.967214e-03	1.295734e-01	6.817739e-03
5.894303961583974e-09	3.934579e-03	1.306573e-01	6.598398e-03
5.904069586583974e-09	3.891478e-03	1.316552e-01	6.363150e-03
5.913835211583974e-09	3.837246e-03	1.325707e-01	6.119515e-03
5.923600836583974e-09	3.771164e-03	1.334139e-01	5.875241e-03
5.933366461583974e-09	3.692844e-03	1.341998e-01	5.637486e-03
5.943132086583974e-09	3.602523e-03	1.349467e-01	5.412036e-03
5.952897711583974e-09	3.501230e-03	1.356730e-01	5.202711e-03
5.962663336583974e-09	3.390821e-03	1.363951e-01	5.011042e-03
5.972428961583974e-09	3.273913e-03	1.371242e-01	4.836279e-03
5.982194586583974e-09	3.153703e-03	1.378653e-01	4.675719e-03
5.991960211583973e-09	3.033689e-03	1.386167e-01	4.525308e-03
6.001725836583973e-09	2.917296e-03	1.393700e-01	4.380388e-03
6.011491461583973e-09	2.807452e-03	1.401125e-01	4.236487e-03
6.021257086583973e-09	2.706181e-03	1.408289e-01	4.089997e-03
6.031022711583973e-09	2.614316e-03	1.415045e-01	3.938654e-03
6.040788336583973e-09	2.531388e-03	1.421269e-01	3.781733e-03
6.050553961583973e-09	2.455736e-03	1.426886e-01	3.619955e-03
6.060319586583973e-09	2.384815e-03	1.431876e-01	3.455152e-03
6.070085211583973e-09	2.315637e-03	1.436270e-01	3.289745e-03
6.079850836583973e-09	2.245258e-03	1.440150e-01	3.126183e-03
6.089616461583973e-09	2.171229e-03	1.443623e-01	2.966424e-03
6.099382086583972e-09	2.091939e-03	1.446805e-01	2.811577e-03
6.109147711583972e-09	2.006801e-03	1.449799e-01	2.661767e-03
6.118913336583972e-09	1.916280e-03	1.452681e-01	2.516228e-03
6.128678961583972e-09	1.821748e-03	1.455491e-01	2.373614e-03
6.138444586583972e-09	1.725215e-03	1.458227e-01	2.232448e-03
6.148210211583972e-09	1.628961e-03	1.460857e-01	2.091601e-03
6.157975836583972e-09	1.535160e-03	1.463331e-01	1.950722e-03
6.167741461583972e-09	1.445536e-03	1.465594e-01	1.810495e-03
6.177507086583972e-09	1.361130e-03	1.467605e-01	1.672699e-03
6.187272711583972e-09	1.282210e-03	1.469347e-01	1.540027e-03
6.197038336583972e-09	1.208337e-03	1.470839e-01	1.415700e-03
6.206803961583971e-09	1.138574e-03	1.472130e-01	1.302957e-03
6.216569586583971e-09	1.071769e-03	1.473296e-01	1.204488e-03
6.226335211583971e-09	1.006872e-03	1.474428e-01	1.121945e-03
6.236100836583971e-09	9.432082e-04	1.475612e-01	1.055595e-03
6.245866461583971e-09	8.806514e-04	1.476920e-01	1.004204e-03
6.255632086583971e-09	8.196803e-04	1.478391e-01	9.651513e-04
6.265397711583971e-09	7.612965e-04	1.480027e-01	9.347796e-04
6.275163336583971e-09	7.068279e-04	1.481791e-01	9.089031e-04
6.284928961583971e-09	6.576565e-04	1.483616e-01	8.833958e-04
6.294694586583971e-09	6.149210e-04	1.485411e-01	8.547565e-04
6.304460211583970e-09	5.792524e-04	1.487080e-01	8.205572e-04
6.314225836583970e-09	5.505921e-04	1.488537e-01	7.797025e-04
6.323991461583970e-09	5.281311e-04	1.489721e-01	7.324651e-04
6.333757086583970e-09	5.103829e-04	1.490603e-01	6.803001e-04
6.343522711583970e-09	4.953790e-04	1.491189e-01	6.254818e-04
6.353288336583970e-09	4.809545e-04	1.491524e-01	5.706350e-04
6.363053961583970e-09	4.650711e-04	1.491673e-01	5.182476e-04
6.372819586583970e-09	4.461218e-04	1.491719e-01	4.702542e-04
6.382585211583970e-09	4.231632e-04	1.491743e-01	4.277576e-04
6.392350836583970e-09	3.960372e-04	1.491813e-01	3.909318e-04
6.402116461583970e-09	3.653616e-04	1.491976e-01	3.591121e-04
6.411882086583969e-09	3.323971e-04	1.492249e-01	3.310422e-04
6.421647711583969e-09	2.988149e-04	1.492623e-01	3.052218e-04
6.431413336583969e-09	2.664082e-04	1.493067e-01	2.802807e-04
6.441178961583969e-09	2.367991e-04	1.493536e-01	2.553030e-04
6.450944586583969e-09	2.111905e-04	1.493985e-01	2.300384e-04
6.460710211583969e-09	1.902045e-04	1.494374e-01	2.049615e-04
6.470475836583969e-09	1.738294e-04	1.494680e-01	1.811697e-04
6.480241461583969e-09	1.614802e-04	1.494902e-01	1.601434e-04
6.490007086583969e-09	1.521567e-04	1.495057e-01	1.434188e-04
6.499772711583969e-09	1.446615e-04	1.495179e-01	1.322369e-04
6.509538336583969e-09	1.378398e-04	1.495310e-01	1.272404e-04
6.519303961583968e-09	1.307906e-04	1.495492e-01	1.282771e-04
6.529069586583968e-09	1.230144e-04	1.495756e-01	1.343480e-04
6.538835211583968e-09	1.144716e-04	1.496116e-01	1.437123e-04
6.548600836583968e-09	1.055445e-04	1.496568e-01	1.541307e-04
6.558366461583968e-09	9.691538e-05	1.497084e-01	1.632028e-04
6.568132086583968e-09	8.938714e-05	1.497623e-01	1.687382e-04
6.577897711583968e-09	8.368383e-05	1.498133e-01	1.690954e-04
6.587663336583968e-09	8.027087e-05	1.498563e-01	1.634289e-04
6.597428961583968e-09	7.922979e-05	1.498871e-01	1.518030e-04
6.607194586583968e-09	8.021138e-05	1.499032e-01	1.351534e-04
6.616960211583968e-09	8.247537e-05	1.499039e-01	1.151099e-04
6.626725836583967e-09	8.500867e-05	1.498911e-01	9.371057e-05
6.636491461583967e-09	8.669915e-05	1.498682e-01	7.306380e-05
6.646257086583967e-09	8.653188e-05	1.498400e-01	5.501571e-05
6.656022711583967e-09	8.377120e-05	1.498119e-01	4.088115e-05
6.665788336583967e-09	7.809493e-05	1.497887e-01	3.128137e-05
6.675553961583967e-09	6.965645e-05	1.497741e-01	2.611093e-05
6.685319586583967e-09	5.906382e-05	1.497703e-01	2.463249e-05
6.695085211583967e-09	4.728068e-05	1.497772e-01	2.567500e-05
6.704850836583967e-09	3.546752e-05	1.497935e-01	2.789333e-05
6.714616461583967e-09	2.479215e-05	1.498162e-01	3.003801e-05
6.724382086583966e-09	1.624332e-05	1.498416e-01	3.118467e-05
6.734147711583966e-09	1.047980e-05	1.498662e-01	3.088241e-05
6.743913336583966e-09	7.739959e-06	1.498869e-01	2.919733e-05
6.753678961583966e-09	7.825631e-06	1.499019e-01	2.664853e-05
6.763444586583966e-09	1.015998e-05	1.499107e-01	2.405400e-05
6.773210211583966e-09	1.390636e-05	1.499143e-01	2.232066e-05
6.782975836583966e-09	1.812442e-05	1.499146e-01	2.222197e-05
6.792741461583966e-09	2.193431e-05	1.499140e-01	2.420779e-05
6.802507086583966e-09	2.465933e-05	1.499150e-01	2.828324e-05
6.812272711583966e-09	2.592264e-05	1.499196e-01	3.397956e-05
6.822038336583966e-09	2.568327e-05	1.499287e-01	4.042154e-05
6.831803961583965e-09	2.420787e-05	1.499421e-01	4.647747e-05
6.841569586583965e-09	2.198718e-05	1.499584e-01	5.096254e-05
6.851335211583965e-09	1.961556e-05	1.499756e-01	5.285641e-05
6.861100836583965e-09	1.765823e-05	1.499908e-01	5.149425e-05
6.870866461583965e-09	1.653195e-05	1.500017e-01	4.669572e-05
6.880632086583965e-09	1.642142e-05	1.500062e-01	3.880856e-05
6.890397711583965e-09	1.724609e-05	1.500034e-01	2.865950e-05
6.900163336583965e-09	1.868197e-05	1.499934e-01	1.742239e-05
6.909928961583965e-09	2.023240e-05	1.499778e-01	6.428070e-06
6.919694586583965e-09	2.133288e-05	1.499589e-01	-3.049377e-06
6.929460211583965e-09	2.146878e-05	1.499395e-01	-9.992002e-06
6.939225836583964e-09	2.028296e-05	1.499227e-01	-1.378860e-05
6.948991461583964e-09	1.765287e-05	1.499110e-01	-1.431188e-05
6.958757086583964e-09	1.372284e-05	1.499061e-01	-1.191136e-05
6.968522711583964e-09	8.885941e-06	1.499085e-01	-7.326663e-06
6.978288336583964e-09	3.719398e-06	1.499179e-01	-1.539806e-06
6.988053961583964e-09	-1.121454e-06	1.499324e-01	4.411791e-06
6.997586450882216e-09	-4.911865e-06	1.499496e-01	9.479118e-06
7.007352075882216e-09	-7.342971e-06	1.499676e-01	1.324802e-05
7.017117700882216e-09	-8.042583e-06	1.499837e-01	1.527615e-05
7.026883325882216e-09	-6.984068e-06	1.499959e-01	1.560325e-05
7.036648950882216e-09	-4.410885e-06	1.500033e-01	1.459714e-05
7.046414575882216e-09	-7.827685e-07	1.500057e-01	1.284094e-05
7.056180200882215e-09	3.306139e-06	1.500039e-01	1.099373e-05
7.065945825882215e-09	7.229160e-06	1.499991e-01	9.645727e-06
7.075711450882215e-09	1.043036e-05	1.499933e-01	9.195835e-06
7.085477075882215e-09	1.251096e-05	1.499882e-01	9.774207e-06
7.095242700882215e-09	1.328446e-05	1.499850e-01	1.122288e-05
7.105008325882215e-09	1.279196e-05	1.499846e-01	1.313615e-05
7.114773950882215e-09	1.127694e-05	1.499869e-01	1.495084e-05
7.124539575882215e-09	9.126012e-06	1.499914e-01	1.606752e-05
7.134305200882215e-09	6.787880e-06	1.499968e-01	1.597833e-05
7.144070825882215e-09	4.686523e-06	1.500017e-01	1.437646e-05
7.153836450882214e-09	3.144601e-06	1.500048e-01	1.122647e-05
7.163602075882214e-09	2.330753e-06	1.500050e-01	6.782527e-06
7.173367700882214e-09	2.239342e-06	1.500019e-01	1.551624e-06
7.183133325882214e-09	2.704856e-06	1.499956e-01	-3.790682e-06
7.192898950882214e-09	3.446595e-06	1.499870e-01	-8.515884e-06
7.202664575882214e-09	4.133832e-06	1.499775e-01	-1.196784e-05
7.212430200882214e-09	4.458142e-06	1.499685e-01	-1.367484e-05
7.222195825882214e-09	4.198759e-06	1.499617e-01	-1.342838e-05
7.231961450882214e-09	3.268622e-06	1.499583e-01	-1.131517e-05
7.241727075882214e-09	1.732835e-06	1.499590e-01	-7.697725e-06
7.251492700882214e-09	-2.032944e-07	1.499637e-01	-3.148207e-06
7.261258325882213e-09	-2.233615e-06	1.499719e-01	1.651350e-06
7.271023950882213e-09	-4.009838e-06	1.499824e-01	6.023897e-06
7.280789575882213e-09	-5.208087e-06	1.499936e-01	9.406482e-06
7.290555200882213e-09	-5.590623e-06	1.500041e-01	1.143470e-05
7.300320825882213e-09	-5.051281e-06	1.500123e-01	1.198862e-05
7.310086450882213e-09	-3.636470e-06	1.500175e-01	1.119389e-05
7.319852075882213e-09	-1.538262e-06	1.500190e-01	9.379914e-06
7.329617700882213e-09	9.386163e-07	1.500171e-01	7.004872e-06
7.339383325882213e-09	3.429414e-06	1.500125e-01	4.562717e-06
7.349148950882213e-09	5.571653e-06	1.500063e-01	2.490101e-06
7.358914575882213e-09	7.065693e-06	1.499997e-01	1.090231e-06
7.368680200882212e-09	7.722791e-06	1.499939e-01	4.868506e-07
7.378445825882212e-09	7.492461e-06	1.499898e-01	6.153514e-07
7.388211450882212e-09	6.464962e-06	1.499878e-01	1.250824e-06
7.397977075882212e-09	4.849355e-06	1.499880e-01	2.065945e-06
7.407742700882212e-09	2.931951e-06	1.499899e-01	2.706306e-06
7.417508325882212e-09	1.023359e-06	1.499929e-01	2.867997e-06
7.427273950882212e-09	-5.959435e-07	1.499959e-01	2.362389e-06
7.437039575882212e-09	-1.721702e-06	1.499982e-01	1.156022e-06
7.446805200882212e-09	-2.255750e-06	1.499991e-01	-6.213820e-07
7.456570825882212e-09	-2.215028e-06	1.499983e-01	-2.701516e-06
7.466336450882212e-09	-1.719151e-06	1.499959e-01	-4.729225e-06
7.476102075882212e-09	-9.598625e-07	1.499923e-01	-6.330974e-06
7.485867700882212e-09	-1.285122e-07	1.499883e-01	-7.326908e-06
7.490234375000001e-09	2.235733e-07	1.499865e-01	-7.517038e-06
7.491266651764423e-09	2.980702e-07	1.499861e-01	-7.514904e-06
7.493331205293267e-09	4.315284e-07	1.499853e-01	-7.452259e-06
7.495870892942313e-09	5.731882e-07	1.499845e-01	-7.304622e-06
7.500000000000001e-09	7.692461e-07	1.499832e-01	-6.962358e-06
7.500412910705770e-09	7.833831e-07	1.499831e-01	-6.913102e-06
7.501238732117308e-09	8.091955e-07	1.499829e-01	-6.809050e-06
7.502890374940382e-09	8.439566e-07	1.499825e-01	-6.574522e-06
7.506193660586533e-09	7.313214e-07	1.499820e-01	-6.005067e-06
7.512800231878834e-09	-1.299933e-06	1.499818e-01	-4.574929e-06
7.522565856878834e-09	-1.216485e-05	1.499829e-01	-2.037860e-06
7.532331481878834e-09	-4.009060e-05	1.499849e-01	6.910773e-07
7.542097106878834e-09	-9.518709e-05	1.499855e-01	3.127817e-06
7.551862731878834e-09	-1.828830e-04	1.499792e-01	4.595955e-06
7.561628356878834e-09	-3.015578e-04	1.499570e-01	4.313806e-06
7.571393981878834e-09	-4.436707e-04	1.499050e-01	1.448215e-06
7.581159606878834e-09	-5.998939e-04	1.498056e-01	-4.775348e-06
7.590925231878834e-09	-7.635220e-04	1.496390e-01	-1.489216e-05
7.600690856878834e-09	-9.325985e-04	1.493858e-01	-2.895701e-05
7.610456481878833e-09	-1.108917e-03	1.490307e-01	-4.628341e-05
7.620222106878833e-09	-1.295005e-03	1.485653e-01	-6.522953e-05
7.629987731878833e-09	-1.491164e-03	1.479896e-01	-8.310464e-05
7.639753356878833e-09	-1.694238e-03	1.473133e-01	-9.625380e-05
7.649518981878833e-09	-1.898473e-03	1.465539e-01	-1.003418e-04
7.659284606878833e-09	-2.097542e-03	1.457351e-01	-9.081163e-05
7.669050231878833e-09	-2.286365e-03	1.448836e-01	-6.345232e-05
7.678815856878833e-09	-2.461733e-03	1.440253e-01	-1.498382e-05
7.688581481878833e-09	-2.621695e-03	1.431826e-01	5.643506e-05
7.698347106878833e-09	-2.764423e-03	1.423709e-01	1.508571e-04
7.708112731878833e-09	-2.887457e-03	1.415974e-01	2.664062e-04
7.717878356878832e-09	-2.987838e-03	1.408601e-01	3.993612e-04
7.727643981878832e-09	-3.062988e-03	1.401485e-01	5.444444e-04
7.737409606878832e-09	-3.111772e-03	1.394453e-01	6.952632e-04
7.747175231878832e-09	-3.135106e-03	1.387297e-01	8.448347e-04
7.756940856878832e-09	-3.135856e-03	1.379797e-01	9.861146e-04
7.766706481878832e-09	-3.118160e-03	1.371754e-01	1.112458e-03
7.776472106878832e-09	-3.086611e-03	1.363008e-01	1.217960e-03
7.786237731878832e-09	-3.045698e-03	1.353454e-01	1.297655e-03
7.796003356878832e-09	-2.999627e-03	1.343039e-01	1.347576e-03
7.805768981878832e-09	-2.952431e-03	1.331755e-01	1.364724e-03
7.815534606878832e-09	-2.908077e-03	1.319627e-01	1.346981e-03
7.825300231878831e-09	-2.870400e-03	1.306693e-01	1.293040e-03
7.835065856878831e-09	-2.842819e-03	1.292985e-01	1.202383e-03
7.844831481878831e-09	-2.828003e-03	1.278525e-01	1.075324e-03
7.854597106878831e-09	-2.827659e-03	1.263310e-01	9.131203e-04
7.864362731878831e-09	-2.842568e-03	1.247323e-01	7.181099e-04
7.874128356878831e-09	-2.872835e-03	1.230533e-01	4.938223e-04
7.883893981878831e-09	-2.918220e-03	1.212916e-01	2.450158e-04
7.893659606878831e-09	-2.978374e-03	1.194464e-01	-2.241201e-05
7.903425231878831e-09	-3.052913e-03	1.175203e-01	-3.016668e-04
7.913190856878831e-09	-3.141313e-03	1.155196e-01	-5.854510e-04
7.922956481878830e-09	-3.242744e-03	1.134547e-01	-8.664773e-04
7.932722106878830e-09	-3.355921e-03	1.113395e-01	-1.138045e-03
7.942487731878830e-09	-3.479047e-03	1.091897e-01	-1.394597e-03
7.952253356878830e-09	-3.609854e-03	1.070209e-01	-1.632191e-03
7.962018981878830e-09	-3.745701e-03	1.048471e-01	-1.848785e-03
7.971784606878830e-09	-3.883705e-03	1.026782e-01	-2.044328e-03
7.981550231878830e-09	-4.021022e-03	1.005190e-01	-2.220999e-03
7.990234375000001e-09	-4.139988e-03	9.860725e-02	-2.364111e-03
8.000000000000000e-09	-4.269841e-03	9.646256e-02	-2.515192e-03
8.006835937500001e-09	-4.353734e-03	9.495922e-02	-2.613710e-03
8.014648437500001e-09	-4.440658e-03	9.322960e-02	-2.724497e-03
8.024414062500001e-09	-4.531942e-03	9.104436e-02	-2.862991e-03
8.034179687500001e-09	-4.594798e-03	8.882269e-02	-3.003686e-03
8.043945312500001e-09	-4.620077e-03	8.655483e-02	-3.148537e-03
8.053710937500001e-09	-4.605260e-03	8.423820e-02	-3.298330e-03
8.063476562500001e-09	-4.555563e-03	8.187848e-02	-3.452628e-03
8.073242187500001e-09	-4.481803e-03	7.949015e-02	-3.610039e-03
8.083007812500001e-09	-4.395671e-03	7.709539e-02	-3.768631e-03
8.092773437500000e-09	-4.305296e-03	7.472106e-02	-3.926456e-03
8.102539062500000e-09	-4.213466e-03	7.239442e-02	-4.082077e-03
8.112304687500000e-09	-4.118971e-03	7.013842e-02	-4.235022e-03
8.122070312500000e-09	-4.019705e-03	6.796774e-02	-4.386053e-03
8.131835937500000e-09	-3.915429e-03	6.588622e-02	-4.537189e-03
8.141601562500000e-09	-3.808731e-03	6.388631e-02	-4.691447e-03
8.151367187500000e-09	-3.704066e-03	6.195050e-02	-4.852339e-03
8.161132812500000e-09	-3.605903e-03	6.005437e-02	-5.023225e-03
8.170898437500000e-09	-3.517328e-03	5.817058e-02	-5.206626e-03
8.180664062500000e-09	-3.439866e-03	5.627332e-02	-5.403645e-03
8.190429687500000e-09	-3.374369e-03	5.434227e-02	-5.613600e-03
8.200195312499999e-09	-3.322167e-03	5.236579e-02	-5.833938e-03
8.209960937499999e-09	-3.285613e-03	5.034251e-02	-6.060438e-03
8.219726562499999e-09	-3.267669e-03	4.828137e-02	-6.287655e-03
8.229492187499999e-09	-3.270796e-03	4.619996e-02	-6.509531e-03
8.239257812499999e-09	-3.295805e-03	4.412153e-02	-6.720042e-03
8.249023437499999e-09	-3.341278e-03	4.207118e-02	-6.913790e-03
8.258789062499999e-09	-3.403768e-03	4.007212e-02	-7.086411e-03
8.268554687499999e-09	-3.478565e-03	3.814240e-02	-7.234773e-03
8.278320312499999e-09	-3.560575e-03	3.629302e-02	-7.356925e-03
8.288085937499999e-09	-3.644954e-03	3.452735e-02	-7.451843e-03
8.297851562499998e-09	-3.727350e-03	3.284209e-02	-7.519056e-03
8.307617187499998e-09	-3.803916e-03	3.122929e-02	-7.558241e-03
8.317382812499998e-09	-3.871299e-03	2.967904e-02	-7.568919e-03
8.327148437499998e-09	-3.926768e-03	2.818227e-02	-7.550300e-03
8.336914062499998e-09	-3.968456e-03	2.673302e-02	-7.501356e-03
8.346679687499998e-09	-3.995544e-03	2.532988e-02	-7.421091e-03
8.356445312499998e-09	-4.008239e-03	2.397626e-02	-7.308961e-03
8.366210937499998e-09	-4.007479e-03	2.267953e-02	-7.165351e-03
8.375976562499998e-09	-3.994456e-03	2.144920e-02	-6.992000e-03
8.385742187499998e-09	-3.970142e-03	2.029455e-02	-6.792267e-03
8.395507812499998e-09	-3.934991e-03	1.922215e-02	-6.571156e-03
8.405273437499997e-09	-3.888914e-03	1.823389e-02	-6.335068e-03
8.415039062499997e-09	-3.831487e-03	1.732575e-02	-6.091299e-03
8.424804687499997e-09	-3.762278e-03	1.648779e-02	-5.847349e-03
8.434570312499997e-09	-3.681182e-03	1.570519e-02	-5.610140e-03
8.444335937499997e-09	-3.588662e-03	1.496024e-02	-5.385279e-03
8.454101562499997e-09	-3.485888e-03	1.423498e-02	-5.176485e-03
8.463867187499997e-09	-3.374757e-03	1.351380e-02	-4.985269e-03
8.473632812499997e-09	-3.257828e-03	1.278580e-02	-4.810932e-03
8.483398437499997e-09	-3.138168e-03	1.204629e-02	-4.650874e-03
8.493164062499997e-09	-3.019097e-03	1.129732e-02	-4.501149e-03
8.502929687499997e-09	-2.903839e-03	1.054700e-02	-4.357192e-03
8.512695312499996e-09	-2.795129e-03	9.807986e-03	-4.214570e-03
8.522460937499996e-09	-2.694834e-03	9.095173e-03	-4.069651e-03
8.532226562499996e-09	-2.603682e-03	8.423172e-03	-3.920070e-03
8.541992187499996e-09	-2.521165e-03	7.803945e-03	-3.764948e-03
8.551757812499996e-09	-2.445651e-03	7.245011e-03	-3.604818e-03
8.561523437499996e-09	-2.374673e-03	6.748494e-03	-3.441319e-03
8.571289062499996e-09	-2.305352e-03	6.311155e-03	-3.276715e-03
8.581054687499996e-09	-2.234858e-03	5.925321e-03	-3.113359e-03
8.590820312499996e-09	-2.160834e-03	5.580506e-03	-2.953196e-03
8.600585937499996e-09	-2.081715e-03	5.265389e-03	-2.797409e-03
8.610351562499995e-09	-1.996918e-03	4.969758e-03	-2.646275e-03
8.620117187499995e-09	-1.906862e-03	4.686069e-03	-2.499240e-03
8.629882812499995e-09	-1.812842e-03	4.410360e-03	-2.355198e-03
8.639648437499995e-09	-1.716770e-03	4.142383e-03	-2.212900e-03
8.649414062499995e-09	-1.620842e-03	3.884971e-03	-2.071406e-03
8.659179687499995e-09	-1.527162e-03	3.642827e-03	-1.930481e-03
8.668945312499995e-09	-1.437426e-03	3.420978e-03	-1.790849e-03
8.678710937499995e-09	-1.352689e-03	3.223241e-03	-1.654240e-03
8.688476562499995e-09	-1.273279e-03	3.050989e-03	-1.523225e-03
8.698242187499995e-09	-1.198854e-03	2.902476e-03	-1.400855e-03
8.708007812499995e-09	-1.128592e-03	2.772832e-03	-1.290173e-03
8.717773437499994e-09	-1.061456e-03	2.654730e-03	-1.193688e-03
8.727539062499994e-09	-9.964933e-04	2.539584e-03	-1.112899e-03
8.737304687499994e-09	-9.330880e-04	2.419038e-03	-1.047979e-03
8.747070312499994e-09	-8.711280e-04	2.286463e-03	-9.976572e-04
8.756835937499994e-09	-8.110561e-04	2.138176e-03	-9.593378e-04
8.766601562499994e-09	-7.537948e-04	1.974139e-03	-9.294320e-04
8.776367187499994e-09	-7.005638e-04	1.798026e-03	-9.038493e-04
8.786132812499994e-09	-6.526243e-04	1.616634e-03	-8.785625e-04
8.795898437499994e-09	-6.110006e-04	1.438762e-03	-8.501520e-04
8.805664062499994e-09	-5.762319e-04	1.273740e-03	-8.162390e-04
8.815429687499994e-09	-5.482031e-04	1.129904e-03	-7.757372e-04
8.825195312499993e-09	-5.260902e-04	1.013254e-03	-7.288895e-04
8.834960937499993e-09	-5.084313e-04	9.265438e-04	-6.770926e-04
8.844726562499993e-09	-4.933160e-04	8.689414e-04	-6.225489e-04
8.854492187499993e-09	-4.786573e-04	8.362958e-04	-5.678154e-04
8.864257812499993e-09	-4.625007e-04	8.219453e-04	-5.153352e-04
8.874023437499993e-09	-4.433141e-04	8.179009e-04	-4.670322e-04
8.883789062499993e-09	-4.202081e-04	8.161814e-04	-4.240391e-04
8.893554687499993e-09	-3.930503e-04	8.100580e-04	-3.865986e-04
8.903320312499993e-09	-3.624557e-04	7.949958e-04	-3.541434e-04
8.913085937499993e-09	-3.296567e-04	7.691396e-04	-3.255278e-04
8.922851562499992e-09	-2.962800e-04	7.332872e-04	-2.993573e-04
8.932617187499992e-09	-2.640690e-04	6.903838e-04	-2.743444e-04
8.942382812499992e-09	-2.346026e-04	6.446617e-04	-2.496188e-04
8.952148437499992e-09	-2.090562e-04	6.006071e-04	-2.249301e-04
8.961914062499992e-09	-1.880457e-04	5.619591e-04	-2.007071e-04
8.971679687499992e-09	-1.715764e-04	5.309299e-04	-1.779623e-04
8.981445312499992e-09	-1.590995e-04	5.077880e-04	-1.580657e-04
8.991210937499992e-09	-1.496291e-04	4.908316e-04	-1.422882e-04
9.000000000000001e-09	-1.426313e-04	4.785352e-04	-1.314219e-04
9.000878906250001e-09	-1.420350e-04	4.774302e-04	-1.307718e-04
9.002636718750004e-09	-1.408464e-04	4.751728e-04	-1.296267e-04
9.006152343750008e-09	-1.384182e-04	4.703926e-04	-1.279421e-04
9.010628781153202e-09	-1.345355e-04	4.632851e-04	-1.271416e-04
9.019581655959589e-09	-1.213221e-04	4.450860e-04	-1.290584e-04
9.029347280959589e-09	-9.273669e-05	4.188382e-04	-1.349999e-04
9.039112905959588e-09	-3.938228e-05	3.858421e-04	-1.438540e-04
9.048878530959588e-09	4.594856e-05	3.501974e-04	-1.533441e-04
9.058644155959588e-09	1.633868e-04	3.214916e-04	-1.607345e-04
9.068409780959588e-09	3.061873e-04	3.148609e-04	-1.633395e-04
9.077927249518302e-09	4.601819e-04	3.444043e-04	-1.596104e-04
9.084752484189654e-09	5.753604e-04	3.976731e-04	-1.522731e-04
9.089134836686654e-09	6.504185e-04	4.557307e-04	-1.446780e-04
9.094963166040870e-09	7.509963e-04	5.661235e-04	-1.312216e-04
9.100707116703740e-09	8.517449e-04	7.174656e-04	-1.146034e-04
9.110183281978675e-09	1.023345e-03	1.059192e-03	-8.174900e-05
9.119948906978675e-09	1.208714e-03	1.522671e-03	-4.421160e-05
9.129714531978675e-09	1.403946e-03	2.107308e-03	-6.527948e-06
9.139480156978675e-09	1.606668e-03	2.801580e-03	2.587081e-05
9.149245781978675e-09	1.811937e-03	3.583726e-03	4.702290e-05
9.159011406978674e-09	2.014153e-03	4.425555e-03	5.117713e-05
9.168777031978674e-09	2.208659e-03	5.296233e-03	3.350771e-05
9.178542656978674e-09	2.392209e-03	6.166367e-03	-9.261026e-06
9.188308281978674e-09	2.562316e-03	7.011812e-03	-7.841594e-05
9.198073906978674e-09	2.716237e-03	7.816663e-03	-1.730637e-04
9.207839531978674e-09	2.850418e-03	8.575031e-03	-2.902042e-04
9.217605156978674e-09	2.960844e-03	9.291346e-03	-4.250410e-04
9.227370781978674e-09	3.044106e-03	9.979172e-03	-5.714674e-04
9.237136406978674e-09	3.098552e-03	1.065874e-02	-7.226412e-04
9.246902031978674e-09	3.124933e-03	1.135369e-02	-8.715560e-04
9.256667656978674e-09	3.126269e-03	1.208761e-02	-1.011527e-03
9.266433281978673e-09	3.107136e-03	1.288098e-02	-1.136531e-03
9.276198906978673e-09	3.072772e-03	1.374906e-02	-1.241376e-03
9.285964531978673e-09	3.028418e-03	1.470095e-02	-1.321716e-03
9.295730156978673e-09	2.979036e-03	1.573988e-02	-1.373951e-03
9.305495781978673e-09	2.929282e-03	1.686451e-02	-1.395085e-03
9.315261406978673e-09	2.883520e-03	1.807083e-02	-1.382614e-03
9.325027031978673e-09	2.845685e-03	1.935428e-02	-1.334506e-03
9.334792656978673e-09	2.819015e-03	2.071153e-02	-1.249297e-03
9.344558281978673e-09	2.805782e-03	2.214172e-02	-1.126304e-03
9.354323906978673e-09	2.807195e-03	2.364675e-02	-9.659219e-04
9.364089531978673e-09	2.823560e-03	2.523075e-02	-7.699143e-04
9.373855156978672e-09	2.854636e-03	2.689877e-02	-5.416449e-04
9.383620781978672e-09	2.900034e-03	2.865501e-02	-2.861520e-04
9.393386406978672e-09	2.959476e-03	3.050101e-02	-1.002343e-05
9.403152031978672e-09	3.032838e-03	3.243413e-02	2.789533e-04
9.412917656978672e-09	3.119998e-03	3.444678e-02	5.723430e-04
9.422683281978672e-09	3.220577e-03	3.652655e-02	8.617565e-04
9.432448906978672e-09	3.333708e-03	3.865716e-02	1.139597e-03
9.442214531978672e-09	3.457890e-03	4.082037e-02	1.399754e-03
9.451980156978672e-09	3.590964e-03	4.299821e-02	1.638132e-03
9.461745781978672e-09	3.730183e-03	4.517537e-02	1.852955e-03
9.471511406978672e-09	3.872341e-03	4.734121e-02	2.044772e-03
9.481277031978671e-09	4.013971e-03	4.949117e-02	2.216186e-03
9.491042656978671e-09	4.151773e-03	5.162717e-02	2.371533e-03
9.500000000000001e-09	4.274054e-03	5.357938e-02	2.505200e-03
9.506270140114930e-09	4.352709e-03	5.494676e-02	2.593196e-03
9.513436014531994e-09	4.434267e-03	5.652004e-02	2.692973e-03
9.523201639531994e-09	4.528070e-03	5.868817e-02	2.830006e-03
9.532967264531994e-09	4.593530e-03	6.089490e-02	2.970328e-03
9.542732889531994e-09	4.621039e-03	6.315159e-02	3.115709e-03
9.552498514531994e-09	4.607627e-03	6.546155e-02	3.266560e-03
9.562264139531993e-09	4.558126e-03	6.781928e-02	3.422019e-03
9.572029764531993e-09	4.483418e-03	7.020999e-02	3.580315e-03
9.581795389531993e-09	4.395801e-03	7.261073e-02	3.739270e-03
9.591561014531993e-09	4.304294e-03	7.499354e-02	3.896858e-03
9.601326639531993e-09	4.212420e-03	7.732990e-02	4.051744e-03
9.611092264531993e-09	4.119211e-03	7.959560e-02	4.203700e-03
9.620857889531993e-09	4.022233e-03	8.177492e-02	4.353815e-03
9.630623514531993e-09	3.920559e-03	8.386336e-02	4.504444e-03
9.640389139531993e-09	3.816057e-03	8.586821e-02	4.658876e-03
9.650154764531993e-09	3.712696e-03	8.780711e-02	4.820779e-03
9.659920389531993e-09	3.614800e-03	8.970495e-02	4.993506e-03
9.669686014531992e-09	3.525560e-03	9.158968e-02	5.179419e-03
9.679451639531992e-09	3.446708e-03	9.348775e-02	5.379328e-03
9.689217264531992e-09	3.379286e-03	9.541993e-02	5.592179e-03
9.698982889531992e-09	3.324775e-03	9.739819e-02	5.815038e-03
9.708748514531992e-09	3.285685e-03	9.942395e-02	6.043360e-03
9.718514139531992e-09	3.265196e-03	1.014881e-01	6.271501e-03
9.728279764531992e-09	3.266053e-03	1.035727e-01	6.493363e-03
9.738045389531992e-09	3.289348e-03	1.056542e-01	6.703062e-03
9.747811014531992e-09	3.333846e-03	1.077070e-01	6.895489e-03
9.757576639531992e-09	3.396112e-03	1.097078e-01	7.066688e-03
9.767342264531992e-09	3.471265e-03	1.116384e-01	7.213982e-03
9.777107889531991e-09	3.553928e-03	1.134883e-01	7.335850e-03
9.786873514531991e-09	3.638953e-03	1.152543e-01	7.431611e-03
9.796639139531991e-09	3.721766e-03	1.169405e-01	7.500992e-03
9.806404764531991e-09	3.798419e-03	1.185555e-01	7.543697e-03
9.816170389531991e-09	3.865584e-03	1.201097e-01	7.559095e-03
9.825936014531991e-09	3.920653e-03	1.216127e-01	7.546097e-03
9.835701639531991e-09	3.961924e-03	1.230705e-01	7.503266e-03
9.845467264531991e-09	3.988767e-03	1.244844e-01	7.429152e-03
9.855232889531991e-09	4.001568e-03	1.258505e-01	7.322772e-03
9.864998514531991e-09	4.001425e-03	1.271607e-01	7.184152e-03
9.874764139531990e-09	3.989644e-03	1.284047e-01	7.014784e-03
9.884529764531990e-09	3.967240e-03	1.295724e-01	6.817922e-03
9.894295389531990e-09	3.934612e-03	1.306564e-01	6.598599e-03
9.904061014531990e-09	3.891521e-03	1.316543e-01	6.363363e-03
9.913826639531990e-09	3.837298e-03	1.325700e-01	6.119732e-03
9.923592264531990e-09	3.771227e-03	1.334132e-01	5.875456e-03
9.933357889531990e-09	3.692917e-03	1.341992e-01	5.637691e-03
9.943123514531990e-09	3.602607e-03	1.349461e-01	5.412228e-03
9.952889139531990e-09	3.501322e-03	1.356724e-01	5.202888e-03
9.962654764531990e-09	3.390921e-03	1.363944e-01	5.011202e-03
9.972420389531990e-09	3.274017e-03	1.371235e-01	4.836424e-03
9.982186014531989e-09	3.153809e-03	1.378647e-01	4.675854e-03
9.991951639531989e-09	3.033573e-03	1.386161e-01	4.525281e-03
1.000000000000000e-08	2.935827e-03	1.392395e-01	4.405512e-03
